1e-05 1e-05 1e-05 1e-05 0.276987 1e-05 1e-05 1e-05 0.722923 1e-05 1e-05
1e-05 1.3e-05 1e-05 1e-05 0.267729 1e-05 1e-05 1e-05 0.732179 1e-05 1e-05
1e-05 1e-05 1e-05 1e-05 0.31502 1e-05 1e-05 1e-05 0.68489 1e-05 1e-05
1e-05 1e-05 1e-05 1e-05 0.012027 1e-05 1e-05 1e-05 0.987883 1e-05 1e-05
1e-05 1e-05 0.001153 1e-05 0.972805 0.015665 0.001222 1e-05 0.005969 1e-05 0.003137
1e-05 1e-05 0.005879 1e-05 0.951279 0.003864 0.001871 1e-05 0.034715 1e-05 0.002341
1e-05 1e-05 1e-05 1e-05 0.985452 1e-05 1e-05 1e-05 0.014458 1e-05 1e-05
1e-05 1e-05 1e-05 1e-05 0.302684 1e-05 1e-05 1e-05 0.697226 1e-05 1e-05
1e-05 1e-05 1e-05 1e-05 0.308115 1e-05 1e-05 1e-05 0.691795 1e-05 1e-05
1e-05 1e-05 1.4e-05 1.2e-05 1e-05 1e-05 1.6e-05 1.4e-05 0.999884 1e-05 1e-05
1e-05 1e-05 0.008698 1e-05 0.964789 1e-05 0.006299 1e-05 0.020143 1e-05 1e-05
1e-05 1e-05 0.012993 1e-05 0.961086 0.006955 1e-05 1e-05 0.015371 1e-05 0.003535
1.5e-05 1e-05 1e-05 1e-05 0.964526 1.1e-05 1e-05 1e-05 0.035378 1e-05 1e-05
1e-05 1e-05 1e-05 1e-05 0.986538 1e-05 1e-05 1e-05 0.013372 1e-05 1e-05
1e-05 1e-05 0.014681 1e-05 0.811623 1e-05 0.012104 1e-05 0.16107 1e-05 0.000462
1e-05 1e-05 1e-05 1e-05 0.010967 1e-05 1e-05 1e-05 0.984265 1e-05 0.004687
1e-05 1e-05 1e-05 1e-05 0.837055 0.004748 1e-05 1e-05 0.158118 1e-05 1e-05
1e-05 1e-05 0.667925 1e-05 0.213592 1e-05 0.014662 0.074903 0.007133 1e-05 0.021734
1e-05 1e-05 0.678156 1e-05 0.255805 0.006991 0.025996 1e-05 0.011823 1e-05 0.021179
0.010902 1e-05 0.638141 1e-05 0.185595 1e-05 0.016754 0.121693 0.02016 1e-05 0.006714
0.001099 1e-05 0.709114 1e-05 0.079853 0.000836 0.014458 0.14514 0.046595 1e-05 0.002875
0.001953 1e-05 0.647643 0.00221 0.147226 0.014165 0.005357 0.151901 0.018689 0.010835 1e-05
1e-05 1e-05 0.655707 0.0056 0.125797 1e-05 0.045379 0.148431 0.019036 1e-05 1e-05
1e-05 1e-05 0.732626 1e-05 0.020203 1e-05 0.002844 0.196425 0.045979 1e-05 0.001873
1e-05 0.013337 0.727031 1e-05 0.044096 1e-05 0.011274 0.177387 0.026826 1e-05 1e-05
0.015316 1e-05 0.71525 1e-05 0.026032 1e-05 0.014678 0.202196 0.022026 1e-05 0.004463
0.001295 1e-05 0.738695 0.003513 1e-05 0.001504 0.020226 0.175497 0.052524 0.006717 1e-05
1e-05 1e-05 0.686071 1e-05 0.072912 0.00577 0.028794 0.182452 0.023951 1e-05 1e-05
0.002627 0.003275 0.695819 1e-05 0.055942 1e-05 0.000418 0.182825 0.048121 1e-05 0.010944
1e-05 1e-05 0.699451 1e-05 0.078155 0.004421 0.020571 0.160583 0.022139 1e-05 0.01464
1e-05 0.001296 0.692364 1e-05 0.088016 0.026296 0.023064 0.134991 0.0265 1e-05 0.007442
1e-05 1e-05 0.675334 1e-05 0.072046 0.007449 0.032203 0.172936 0.039492 1e-05 0.000499
0.010051 0.000509 0.38074 0.034913 1e-05 1e-05 1e-05 0.5525 0.006584 0.004977 0.009696
1e-05 0.016833 0.324047 0.003549 0.011436 0.022941 1e-05 0.577505 0.026017 0.013446 0.004205
1e-05 0.007097 0.330162 0.014085 0.011571 0.012382 1e-05 0.599735 0.01578 0.008452 0.000716
1e-05 0.030947 0.405953 1e-05 1e-05 0.002303 1e-05 0.514775 0.011282 0.032834 0.001865
1e-05 0.038798 0.23125 0.009697 0.004645 0.000324 0.305353 0.215475 0.003761 0.190677 1e-05
1e-05 1e-05 1e-05 1e-05 0.98932 1e-05 1e-05 1e-05 0.01059 1e-05 1e-05
1e-05 0.008074 0.053684 1e-05 0.749247 1e-05 1e-05 0.006298 0.179768 1e-05 0.00288
1e-05 1e-05 0.659804 1e-05 0.24568 1e-05 0.050841 0.043606 1e-05 1e-05 1e-05
0.003556 1e-05 0.644643 1e-05 0.284388 0.00456 0.024894 0.01564 0.011617 1e-05 0.010672
1e-05 1e-05 0.71717 1e-05 0.046681 1e-05 0.018535 0.163951 0.053604 1e-05 1e-05
1e-05 1e-05 0.701736 1e-05 0.100616 1e-05 0.043926 0.106994 0.046426 1e-05 0.000252
1e-05 0.014234 0.655611 1e-05 0.093299 1e-05 0.000317 0.167924 0.060793 1e-05 0.007782
1e-05 1e-05 0.641551 1e-05 0.171654 1e-05 0.031688 0.104176 0.047398 0.003482 1e-05
1e-05 1e-05 0.723937 1e-05 0.013029 0.022448 1e-05 0.197466 0.039091 0.003316 0.000673
0.025097 1e-05 0.730327 1e-05 0.036903 1e-05 0.03864 0.152081 0.016902 1e-05 1e-05
0.003676 0.000549 0.724363 1e-05 0.005631 0.008456 0.004697 0.202487 0.045526 1e-05 0.004596
1e-05 0.009307 0.663061 0.001455 0.06266 1e-05 0.009381 0.216826 0.036049 1e-05 0.00123
1e-05 1e-05 0.707901 1e-05 0.07375 1e-05 0.031418 0.1499 0.03096 1e-05 0.006022
0.008007 1e-05 0.701055 1e-05 0.063713 1e-05 0.034793 0.171342 0.02104 1e-05 1e-05
0.024441 0.007829 0.408886 0.002555 1e-05 0.004096 1e-05 0.503387 0.011641 0.037134 1e-05
1e-05 1e-05 1e-05 1e-05 0.260821 1e-05 1e-05 1e-05 0.739089 1e-05 1e-05
1e-05 1e-05 1e-05 1e-05 1e-05 1e-05 1e-05 1e-05 0.9999 1e-05 1e-05
1e-05 1e-05 1e-05 1e-05 1e-05 1.3e-05 1e-05 1.8e-05 0.999889 1e-05 1e-05
0.000488 1e-05 0.002965 1e-05 0.959448 1e-05 0.002653 0.006524 0.027873 1e-05 1e-05
1e-05 1e-05 0.009762 1e-05 0.943338 1e-05 1e-05 0.003872 0.041386 0.001582 1e-05
1e-05 1e-05 1e-05 1e-05 0.965316 1e-05 1e-05 1e-05 0.034594 1e-05 1e-05
1e-05 1e-05 1e-05 0.001906 0.993788 1e-05 1e-05 1e-05 0.00296 1e-05 0.001275
1e-05 1e-05 1e-05 1e-05 0.018379 1e-05 1e-05 1e-05 0.966716 1e-05 0.014825
1e-05 1e-05 0.698448 1e-05 0.235518 1e-05 0.024266 1e-05 0.041698 1e-05 1e-05
1e-05 1e-05 0.675577 1e-05 0.233076 1e-05 0.041808 0.01072 0.020138 1e-05 0.01863
1e-05 1e-05 0.636186 1e-05 0.239718 1e-05 0.053836 0.036397 0.033804 1e-05 1e-05
1e-05 0.003993 0.663665 1e-05 0.0661 1e-05 0.03327 0.172913 0.036825 0.010677 0.012528
1e-05 0.01736 0.704006 0.01123 0.079975 1e-05 1e-05 0.127106 0.040396 1e-05 0.019887
1e-05 0.007537 0.657326 1e-05 0.083704 0.01042 0.023654 0.163156 0.051351 1e-05 0.002822
1e-05 0.010079 0.724802 1e-05 0.015876 0.001957 0.010939 0.185746 0.043378 1e-05 0.007194
1e-05 1e-05 0.748409 1e-05 0.003976 0.012008 0.02324 0.155658 0.041148 1e-05 0.01552
0.006934 1e-05 0.72415 0.011094 0.018877 0.008144 0.029146 0.177615 0.02401 1e-05 1e-05
1e-05 1e-05 0.716815 1e-05 0.01181 0.010827 0.015137 0.192469 0.051024 1e-05 0.001877
0.00895 1e-05 0.681068 1e-05 0.088141 1e-05 0.003666 0.170106 0.032613 1e-05 0.015416
1e-05 1e-05 0.726031 1e-05 0.043828 0.00583 0.009934 0.1472 0.061683 0.005453 1e-05
1e-05 1e-05 1e-05 1e-05 0.261079 1e-05 1e-05 1e-05 0.738831 1e-05 1e-05
1e-05 1e-05 1e-05 1e-05 1e-05 1e-05 1e-05 1e-05 0.9999 1e-05 1e-05
1e-05 1e-05 1e-05 1e-05 1e-05 1e-05 1e-05 1e-05 0.9999 1e-05 1e-05
1e-05 1e-05 0.012445 0.000306 0.972022 1e-05 1e-05 1e-05 1e-05 0.007722 0.007446
1e-05 1e-05 0.005932 1e-05 0.982161 1e-05 0.011828 1e-05 1e-05 1e-05 1e-05
1e-05 1e-05 1e-05 1e-05 0.977963 1e-05 1e-05 1e-05 0.021947 1e-05 1e-05
1e-05 1e-05 1e-05 1e-05 0.97852 1e-05 1e-05 1e-05 0.02139 1e-05 1e-05
1e-05 1e-05 1e-05 1e-05 1e-05 1e-05 1e-05 1e-05 0.9999 1e-05 1e-05
1e-05 1e-05 0.683166 1e-05 0.243395 1e-05 0.052704 0.0034 1e-05 1e-05 0.017276
1e-05 1e-05 0.66904 1e-05 0.259755 0.005562 0.028173 0.021844 1e-05 1e-05 0.015576
0.016567 1e-05 0.670438 1e-05 0.263305 1e-05 0.020323 1e-05 0.013343 1e-05 0.015975
0.010711 1e-05 0.655457 1e-05 0.091686 0.013463 0.015859 0.157137 0.043256 1e-05 0.012401
0.002036 1e-05 0.652627 1e-05 0.113216 1e-05 0.031876 0.171991 0.024545 0.003173 0.000506
0.007945 0.003575 0.67482 1e-05 0.077696 0.003063 0.014955 0.156415 0.053955 1e-05 0.007555
1e-05 1e-05 0.719216 1e-05 0.094564 1e-05 0.035381 0.10832 0.035546 1e-05 0.006923
0.006834 0.003273 0.708909 1e-05 0.055887 1e-05 1e-05 0.203137 0.015695 1e-05 0.006226
1e-05 1.9e-05 0.699707 1e-05 0.016782 0.004304 1e-05 0.209112 0.058999 0.011037 1e-05
1e-05 1e-05 0.728433 1e-05 0.015698 0.009787 0.019986 0.175179 0.050866 1e-05 1e-05
1e-05 1e-05 0.689752 1e-05 0.067774 1e-05 0.0242 0.157438 0.044631 1e-05 0.016155
1e-05 1e-05 1e-05 1e-05 0.30106 1e-05 1e-05 1e-05 0.69885 1e-05 1e-05
1e-05 1e-05 1e-05 1e-05 0.284532 1e-05 1e-05 1e-05 0.715378 1e-05 1e-05
1e-05 1e-05 1e-05 1e-05 0.337394 1e-05 1e-05 1e-05 0.662516 1e-05 1e-05
1e-05 1e-05 1e-05 1e-05 1e-05 1e-05 1e-05 1e-05 0.9999 1e-05 1e-05
1e-05 1e-05 0.017551 1e-05 0.955409 0.003659 0.000476 1e-05 0.018688 0.002498 0.001678
1e-05 1e-05 0.008534 1e-05 0.976524 0.010461 1e-05 1e-05 0.001192 1e-05 0.003228
1.8e-05 1e-05 1e-05 1e-05 0.981375 1e-05 1e-05 1e-05 0.018527 1e-05 1e-05
1e-05 1e-05 1.3e-05 1e-05 0.054459 1e-05 0.003474 0.005533 0.921844 1e-05 0.014626
1e-05 1e-05 1e-05 1e-05 0.99849 1e-05 1e-05 1e-05 0.00142 1e-05 1e-05
0.01209 1e-05 0.004293 1e-05 0.808629 1e-05 0.006611 1e-05 0.165709 1e-05 0.002618
1e-05 1e-05 1e-05 1e-05 0.031544 0.012354 1e-05 1e-05 0.951511 0.002109 0.002421
1e-05 1e-05 0.696354 0.013685 0.19575 1e-05 0.023821 1e-05 0.035616 0.010346 0.024389
1e-05 1e-05 0.650651 1e-05 0.25111 1e-05 0.031916 0.042961 0.004597 1e-05 0.018714
1e-05 0.000281 0.663171 0.001465 0.27247 0.001063 0.038552 0.009843 0.003213 1e-05 0.009923
0.009839 1e-05 0.670295 1e-05 0.125072 1e-05 0.019509 0.172584 1e-05 1e-05 0.00265
1e-05 1e-05 0.635521 1e-05 0.15217 1e-05 0.011833 0.147385 0.036909 1e-05 0.016133
0.003685 1e-05 0.685167 1e-05 0.121979 1e-05 0.022875 0.101202 0.053483 1e-05 0.011569
1e-05 1e-05 0.73241 1e-05 0.046722 1e-05 0.031905 0.129178 0.056205 1e-05 0.00353
1e-05 1e-05 0.746285 1e-05 0.004411 1e-05 0.013918 0.176301 0.043993 1e-05 0.015042
1e-05 0.005437 0.722526 1e-05 0.028939 0.007382 1e-05 0.209307 0.026359 1e-05 1e-05
1e-05 1e-05 0.740664 1e-05 0.000619 0.018566 0.010288 0.177872 0.038151 0.00314 0.010669
0.007581 1e-05 0.685094 1e-05 0.074573 1e-05 0.008337 0.192531 0.030082 1e-05 0.001763
1e-05 0.00148 0.687289 0.006655 0.071998 1e-05 0.017082 0.161314 0.038782 1e-05 0.01537
1e-05 1e-05 1e-05 1e-05 0.337697 1e-05 1e-05 1e-05 0.662213 1e-05 1e-05
1e-05 1e-05 1e-05 1e-05 0.268935 1e-05 1e-05 1e-05 0.730975 1e-05 1e-05
1e-05 1e-05 1e-05 1e-05 1e-05 1e-05 1e-05 1e-05 0.9999 1e-05 1e-05
1e-05 1e-05 0.008686 1e-05 0.973495 1e-05 1e-05 1e-05 0.01302 1e-05 0.00473
1e-05 1e-05 1e-05 1e-05 0.962279 1e-05 1e-05 1e-05 0.037631 1e-05 1e-05
1e-05 1e-05 1e-05 1e-05 0.977547 1e-05 1e-05 1e-05 0.022363 1e-05 1e-05
1e-05 1e-05 1e-05 1e-05 0.991808 1e-05 1e-05 1.9e-05 0.008093 1e-05 1e-05
1e-05 1e-05 0.086884 1e-05 0.717649 0.006125 0.008873 1e-05 0.161117 0.01025 0.009062
1e-05 1e-05 1e-05 1e-05 0.692462 1e-05 1e-05 7e-05 0.305422 0.001975 1e-05
0.002177 2.5e-05 0.630383 1e-05 0.275914 1e-05 0.036629 0.037895 0.002364 1e-05 0.014582
1e-05 1e-05 0.646442 1e-05 0.264642 0.000845 0.021654 0.048899 0.008289 1e-05 0.00919
1e-05 1e-05 0.667096 1e-05 0.235375 0.003305 0.038571 0.008305 0.033679 1e-05 0.013629
1e-05 1e-05 0.711271 1e-05 0.064312 1e-05 0.032123 0.137203 0.036644 1e-05 0.018397
1e-05 1e-05 0.66937 1e-05 0.091445 0.019351 0.016652 0.166673 0.031611 1e-05 0.004857
0.006561 1e-05 0.682202 1e-05 0.077237 1e-05 0.034199 0.136905 0.057889 1e-05 0.004966
1e-05 1e-05 0.719328 1e-05 0.066732 1e-05 0.032091 0.139921 0.041869 1e-05 1e-05
0.011966 1e-05 0.715584 1e-05 0.005782 1e-05 0.034296 0.197083 0.031948 1e-05 0.003301
0.001303 0.010886 0.727267 1e-05 0.011795 1e-05 0.016805 0.196955 0.034949 1e-05 1e-05
1e-05 1e-05 0.711287 1e-05 0.060723 0.022618 0.013361 0.175508 0.011925 1e-05 0.004539
1e-05 0.004324 0.722749 1e-05 0.025566 1e-05 0.017014 0.203579 0.017188 1e-05 0.009541
1e-05 1e-05 0.67002 0.001359 0.074901 0.006272 1e-05 0.157293 0.078369 1e-05 0.011745
1e-05 1e-05 0.580844 1e-05 0.176856 0.000356 0.032292 0.169317 0.039415 1e-05 0.000881
1e-05 1e-05 1e-05 1e-05 0.966768 1e-05 1e-05 1e-05 0.033142 1e-05 1e-05
1.1e-05 1e-05 1e-05 1e-05 0.28708 1e-05 1e-05 1e-05 0.712828 1e-05 1e-05
1e-05 1e-05 1e-05 1e-05 0.349573 1e-05 1e-05 1e-05 0.650337 1e-05 1e-05
1e-05 1e-05 1e-05 1e-05 1e-05 1e-05 1e-05 1e-05 0.9999 1e-05 1e-05
1e-05 1e-05 0.001661 0.005589 0.968642 1e-05 1e-05 1e-05 0.02239 1e-05 0.001658
1e-05 1e-05 0.008346 1e-05 0.978738 0.002983 0.008966 1e-05 1e-05 0.000907 1e-05
1e-05 1e-05 1.5e-05 1e-05 0.986701 1e-05 1e-05 1e-05 0.013204 1e-05 1e-05
1e-05 1e-05 0.082086 1e-05 0.717212 8.6e-05 0.016766 0.017584 0.165879 1e-05 0.000347
1e-05 1e-05 1e-05 1e-05 0.716452 1e-05 1e-05 1e-05 0.283458 1e-05 1e-05
1e-05 1e-05 0.629589 1e-05 0.29557 1e-05 0.033412 0.023536 0.008927 1e-05 0.008915
1e-05 1e-05 0.661672 1e-05 0.243094 1e-05 0.032652 0.044263 0.007692 1e-05 0.010577
1e-05 1e-05 0.671575 1e-05 0.092609 1e-05 0.010603 0.145081 0.050525 1e-05 0.029555
0.008188 1e-05 0.625693 1e-05 0.163429 1e-05 0.022457 0.130823 0.037004 1e-05 0.012366
1e-05 1e-05 0.721871 0.019277 0.114729 1e-05 0.018396 0.114872 1e-05 1e-05 0.010805
1e-05 0.017619 0.744327 1e-05 0.003782 0.000622 1e-05 0.158373 0.061142 1e-05 0.014095
1e-05 1e-05 0.719061 1e-05 0.021817 0.006295 0.03537 0.186176 0.031231 1e-05 1e-05
1e-05 1e-05 0.723727 1e-05 0.0235 1e-05 0.021873 0.187167 0.037428 0.002076 0.004189
1e-05 0.00147 0.731568 1e-05 0.025026 0.001251 1e-05 0.190662 0.031753 0.006707 0.011532
0.012544 1e-05 0.693073 1e-05 0.056864 0.001696 0.038844 0.153645 0.041246 1e-05 0.002058
1e-05 1e-05 1e-05 1e-05 0.323953 1e-05 1e-05 1e-05 0.675957 1e-05 1e-05
1e-05 1e-05 1e-05 1e-05 0.303741 1e-05 1e-05 1e-05 0.696169 1e-05 1e-05
1e-05 1e-05 1e-05 1e-05 0.313266 1e-05 1e-05 1e-05 0.686644 1e-05 1e-05
1e-05 1e-05 1e-05 1e-05 1e-05 1e-05 1e-05 1e-05 0.9999 1e-05 1e-05
1e-05 1e-05 0.007803 1e-05 0.975985 0.003496 1e-05 1e-05 0.005106 1e-05 0.00755
1e-05 1e-05 1e-05 1e-05 0.952707 1e-05 1.3e-05 1e-05 0.047199 1e-05 1e-05
1e-05 1e-05 1e-05 1e-05 0.708834 1e-05 1e-05 0.000802 0.285502 0.004793 1e-05
1e-05 0.004419 0.644244 1e-05 0.258097 1e-05 0.046318 0.006483 0.037882 1e-05 0.002517
1e-05 1e-05 0.681821 1e-05 0.077028 0.003557 0.035078 0.141407 0.055452 1e-05 0.005617
1e-05 1e-05 0.714415 1e-05 0.08503 1e-05 0.001308 0.147005 0.051531 0.00066 1e-05
1e-05 1e-05 0.702875 1e-05 0.053533 1e-05 0.027442 0.145139 0.070951 1e-05 1e-05
1e-05 1e-05 0.685401 1e-05 0.089546 0.008186 0.02699 0.153346 0.036482 1e-05 1e-05
0.000805 0.012937 0.691412 1e-05 0.071028 0.001824 0.027324 0.158268 0.035761 1e-05 0.000623
1e-05 0.013184 0.718708 1e-05 0.026242 0.001093 1e-05 0.203889 0.036833 1e-05 1e-05
1e-05 1e-05 0.715114 1e-05 0.02821 0.013354 0.017941 0.185741 0.034715 1e-05 0.004886
1e-05 1e-05 0.672975 1e-05 0.08359 1e-05 0.031864 0.175055 0.036455 1e-05 1e-05
1e-05 1e-05 1e-05 1e-05 0.335813 1e-05 1e-05 1e-05 0.664097 1e-05 1e-05
1e-05 1e-05 1e-05 1e-05 0.317358 1e-05 1e-05 1e-05 0.682552 1e-05 1e-05
1e-05 1e-05 0.003205 1e-05 0.977716 0.000171 1e-05 1e-05 0.010152 1e-05 0.008696
1e-05 1e-05 0.01937 1e-05 0.953162 0.000613 0.003697 0.005739 0.012758 0.004454 0.000177
1e-05 1e-05 1e-05 1e-05 0.972377 1e-05 1e-05 1.7e-05 0.027526 1e-05 1e-05
1e-05 1e-05 0.692347 1e-05 0.059022 1e-05 0.015652 0.179684 0.045992 1e-05 0.007253
1e-05 1e-05 0.714177 0.011806 0.007906 1e-05 1e-05 0.202521 0.063529 1e-05 1e-05
1e-05 1e-05 0.680953 0.006187 0.062292 0.006131 0.017841 0.190368 0.036188 1e-05 1e-05
1e-05 0.007114 0.724826 0.010533 0.013071 1e-05 1e-05 0.187081 0.048041 1e-05 0.009294
1e-05 0.014554 0.736299 1e-05 0.008654 0.002547 0.020715 0.16802 0.048097 1e-05 0.001085
1e-05 0.005693 0.690335 1e-05 0.05238 0.018046 1e-05 0.168752 0.060194 1e-05 0.004561
1e-05 0.001716 0.710269 0.000788 0.058225 0.001553 0.03144 0.136785 0.050895 0.008307 1e-05
0.008306 1e-05 0.690124 0.006367 0.075372 1e-05 0.029456 0.148758 0.023968 1e-05 0.017619
0.003023 0.008606 0.667103 1e-05 0.072047 1e-05 0.023528 0.195854 0.029798 1e-05 1e-05
0.008152 0.016169 0.385585 1e-05 0.015161 0.016676 0.007129 0.522552 0.010484 1e-05 0.018072
1e-05 0.021305 0.386679 0.015702 1e-05 0.007247 1e-05 0.54169 0.022804 1e-05 0.004532
1e-05 1e-05 0.385887 0.035587 0.001065 1e-05 1e-05 0.533474 0.028117 1e-05 0.015821
1e-05 1e-05 0.386684 0.027919 1e-05 0.009924 1e-05 0.542064 0.024548 0.004527 0.004294
0.013402 1e-05 0.350528 0.017561 1e-05 1e-05 1e-05 0.564428 0.037088 0.011299 0.005654
1e-05 1e-05 1e-05 1e-05 0.342584 1e-05 1e-05 1e-05 0.657326 1e-05 1e-05
1e-05 1e-05 1e-05 1e-05 0.341895 1e-05 1e-05 1e-05 0.658015 1e-05 1e-05
1e-05 1e-05 1e-05 1e-05 1e-05 1e-05 1e-05 1e-05 0.9999 1e-05 1e-05
1e-05 1e-05 0.003522 1e-05 0.972616 0.00024 1e-05 0.006135 0.011362 0.006075 1e-05
1e-05 1e-05 0.004016 1e-05 0.967304 0.003389 1e-05 0.009736 0.015495 1e-05 1e-05
1e-05 1e-05 1e-05 1e-05 0.961112 1e-05 1e-05 1e-05 0.038798 1e-05 1e-05
1e-05 1e-05 1e-05 1e-05 0.989533 1e-05 1e-05 1e-05 0.010377 1e-05 1e-05
1e-05 1e-05 0.707137 1e-05 0.041948 1e-05 0.034007 0.153614 0.063233 1e-05 1e-05
0.015567 1e-05 0.658423 1e-05 0.047135 1e-05 0.014448 0.197534 0.066843 1e-05 1e-05
1e-05 1e-05 0.739759 1e-05 0.058387 1e-05 0.039753 0.147407 0.014634 1e-05 1e-05
0.017532 1e-05 0.728933 1e-05 0.028516 1e-05 0.024146 0.156945 0.039028 1e-05 0.00486
1e-05 1e-05 0.734132 1e-05 0.005442 0.018255 1e-05 0.1968 0.045312 1e-05 1e-05
0.006048 0.003597 0.732124 1e-05 0.012301 1e-05 0.001964 0.206165 0.023817 1e-05 0.013954
0.007937 1e-05 0.682135 1e-05 0.056534 1e-05 0.026838 0.174367 0.04821 1e-05 0.003939
0.007814 1e-05 0.698348 1e-05 0.062591 1e-05 0.020237 0.169956 0.029043 0.005518 0.006463
1e-05 0.005949 0.638387 1e-05 0.113555 1e-05 0.032488 0.118168 0.077218 1e-05 0.014196
1e-05 0.02525 0.379081 0.0036 0.015919 0.002152 1e-05 0.535094 0.018191 0.020682 1e-05
0.00904 1e-05 0.436031 0.011516 1e-05 0.00633 1e-05 0.493296 0.01601 0.027738 1e-05
1e-05 0.008623 0.248057 0.014047 1e-05 0.005531 0.295883 0.206697 1e-05 0.221121 1e-05
1e-05 1e-05 1e-05 1e-05 1e-05 1e-05 1e-05 1e-05 0.9999 1e-05 1e-05
1e-05 1e-05 1e-05 1e-05 0.974034 0.002146 1e-05 0.002425 0.014737 1e-05 0.006598
1e-05 1e-05 0.010318 0.002921 0.982135 0.004557 1e-05 1e-05 1e-05 1e-05 1e-05
1e-05 1e-05 1e-05 1e-05 0.964803 1e-05 1e-05 1e-05 0.035107 1e-05 1e-05
0.016634 1e-05 0.685719 1e-05 0.079973 1e-05 0.007588 0.145132 0.039123 1e-05 0.025792
1e-05 1e-05 0.709277 1e-05 0.065506 0.00746 0.021894 0.15423 0.041582 1e-05 1e-05
1e-05 1e-05 0.724555 0.003596 0.009815 0.01642 0.013049 0.179366 0.048185 1e-05 0.004983
1e-05 1e-05 0.737903 1e-05 0.012841 0.023843 0.015068 0.165462 0.0358 1e-05 0.009043
0.003916 0.009301 0.738649 1e-05 0.000179 0.008046 0.024153 0.172026 0.0437 1e-05 1e-05
1e-05 1e-05 0.665635 1e-05 0.115536 0.003169 0.021477 0.147711 0.046422 1e-05 1e-05
1e-05 1e-05 0.736294 1e-05 0.025616 0.007268 0.002301 0.172997 0.036022 0.008191 0.011281
1e-05 1.6e-05 0.642913 1e-05 0.121703 1e-05 0.01614 0.194128 0.02505 1e-05 1e-05
0.020783 1e-05 0.399425 0.026517 1e-05 1e-05 1.7e-05 0.542634 0.010574 1e-05 1e-05
1e-05 0.008245 0.365205 0.018094 1e-05 0.021655 1e-05 0.560361 0.024567 0.001833 1e-05
0.023137 0.003454 0.292203 1e-05 0.008883 0.015113 0.005549 0.625719 1e-05 0.014735 0.011187
1e-05 1e-05 0.397455 0.023582 0.038925 0.018981 1e-05 0.499203 0.020009 0.001806 1e-05
1e-05 0.021272 0.299548 0.017614 1e-05 1e-05 0.226095 0.257576 1e-05 0.177846 1e-05
1e-05 0.012676 0.652823 1e-05 0.093887 1e-05 0.0383 0.16209 0.040175 1e-05 1e-05
1e-05 1e-05 1e-05 1e-05 1e-05 1e-05 1e-05 1e-05 0.9999 1e-05 1e-05
1e-05 1e-05 0.005646 0.006613 0.964039 1e-05 1e-05 0.002271 0.02137 1e-05 1e-05
1e-05 1e-05 1.6e-05 1e-05 0.979131 1e-05 1e-05 1e-05 0.020773 1.1e-05 1e-05
1e-05 1e-05 1e-05 1e-05 0.823606 1e-05 1e-05 1e-05 0.174566 0.001748 1e-05
1e-05 0.004445 0.634415 0.003622 0.235609 1e-05 0.025396 0.039489 0.036451 1e-05 0.020542
1e-05 1e-05 0.585298 1e-05 0.343929 1e-05 0.015412 0.028545 1e-05 0.023148 0.003619
1e-05 1e-05 0.729344 1e-05 0.044784 0.000839 0.008989 0.165024 0.050969 1e-05 1e-05
1e-05 1e-05 0.666349 0.000498 0.11049 1e-05 0.031486 0.149499 0.041628 1e-05 1e-05
0.005671 1e-05 0.731898 1e-05 0.017067 1e-05 0.017055 0.17552 0.037126 0.009413 0.006221
1e-05 0.001784 0.729603 0.008301 0.037324 1e-05 0.032298 0.158802 0.015231 1e-05 0.016626
1e-05 1e-05 0.733082 1e-05 0.023135 0.013554 1e-05 0.167708 0.049688 1e-05 0.012783
1e-05 0.02431 0.671953 0.003581 0.069177 0.0053 0.005066 0.171696 0.036233 0.011106 0.001569
1e-05 1e-05 0.656139 0.004878 0.128237 0.000146 0.028107 0.158776 0.023677 1e-05 1e-05
1e-05 0.004613 0.382017 0.02202 1e-05 1e-05 1e-05 0.560276 0.03024 0.000783 1e-05
1e-05 1e-05 0.303847 0.011062 0.043901 0.0212 0.002011 0.595245 0.011446 0.011256 1e-05
1e-05 1e-05 0.392599 0.033411 1e-05 0.013838 1e-05 0.526682 0.027788 1e-05 0.005632
0.006236 1e-05 0.400945 0.015634 0.001464 0.025009 1e-05 0.528518 0.022154 1e-05 1e-05
1e-05 0.015594 0.668569 1.8e-05 0.080494 0.002539 0.016547 0.164316 0.039681 1e-05 0.012222
1e-05 1e-05 0.709839 1e-05 0.051588 0.013617 0.005291 0.156301 0.044552 1e-05 0.018772
1e-05 1e-05 0.644814 0.004118 0.151877 0.001599 0.02168 0.147738 0.028135 1e-05 1e-05
0.018506 0.003349 0.370704 1e-05 0.021394 0.006002 1.2e-05 0.547701 0.003719 0.005326 0.023276
0.023045 1e-05 0.415074 1e-05 0.003273 0.013698 1e-05 0.507296 0.010413 0.027161 1e-05
1e-05 1e-05 0.446092 0.02768 0.003169 0.005064 1e-05 0.49237 0.024183 0.001402 1e-05
1e-05 1e-05 0.406717 0.046891 0.007555 0.020205 1e-05 0.501911 0.016671 1e-05 1e-05
1e-05 0.025055 0.29205 0.003408 1e-05 1e-05 0.289603 0.192511 1e-05 0.177197 0.020136
0.007805 1e-05 0.280395 0.013527 0.001435 0.002949 0.262014 0.244359 1e-05 0.186444 0.001053
1e-05 0.007839 0.414774 0.020899 0.014968 0.005245 1e-05 0.514151 0.022083 1e-05 1e-05
0.008569 1e-05 0.442771 1e-05 0.021416 0.022656 1e-05 0.481795 0.022743 1e-05 1e-05
0.019787 1e-05 0.252572 0.025115 0.013758 0.007481 0.000736 0.620165 0.05591 1e-05 0.004457
1e-05 1e-05 0.284833 0.03679 1e-05 0.01081 1e-05 0.606613 0.004627 0.025457 0.030831
1e-05 1e-05 0.275031 0.028862 1e-05 0.025523 0.009331 0.618599 0.006695 0.02458 0.011349
0.010243 0.001177 0.324701 0.03233 1e-05 0.011507 1e-05 0.559678 0.000487 0.038983 0.020874
0.005042 0.021058 0.357973 0.002689 8.9e-05 0.006381 1e-05 0.538254 0.026668 0.026493 0.015343
1e-05 1e-05 0.338979 0.042288 1.6e-05 0.003054 1e-05 0.546595 0.003378 0.048817 0.016842
0.012061 0.025113 0.272816 0.003804 1e-05 1e-05 0.058069 0.544339 1e-05 0.075908 0.00786
0.002853 1e-05 0.288334 0.047097 1e-05 0.01091 0.038415 0.537054 0.00126 0.048254 0.025802
1e-05 1e-05 1e-05 1e-05 1e-05 0.001547 0.968133 1e-05 1e-05 0.02756 0.00269
1e-05 1e-05 1e-05 1e-05 1e-05 0.000775 0.870584 0.0129 1e-05 0.1118 0.00388
0.007321 1e-05 1e-05 1e-05 1e-05 1e-05 0.97108 0.006115 0.001687 0.008805 0.004943
0.000155 0.00213 0.007562 1e-05 1e-05 0.00389 0.852687 0.013071 0.0071 0.106933 0.006451
1e-05 1e-05 0.678218 1.9e-05 0.075152 0.005001 0.019055 0.172749 0.046526 1e-05 0.003251
1e-05 0.010042 0.686169 1e-05 0.072283 1e-05 0.022578 0.161377 0.047501 1e-05 1e-05
0.007443 1e-05 0.679612 1e-05 0.044107 1e-05 0.032912 0.16303 0.063269 1e-05 0.009588
1e-05 0.025167 0.377936 0.008673 1e-05 0.015705 0.00157 0.50079 0.043011 0.026313 0.000815
0.015227 1e-05 0.401535 0.026567 0.013889 0.00847 1e-05 0.491147 0.033137 0.009998 1e-05
1e-05 1e-05 0.398369 0.018678 1e-05 0.021795 1e-05 0.534471 0.019474 1e-05 0.007162
0.003561 0.013406 0.327052 1e-05 0.010715 0.010036 1e-05 0.596359 0.025001 0.01384 1e-05
1e-05 1e-05 0.278764 0.021601 1e-05 0.006301 0.275144 0.191551 0.013395 0.213203 1e-05
1e-05 1e-05 0.430093 0.001764 0.004678 0.018586 1e-05 0.5266 0.018225 1.4e-05 1e-05
1e-05 1e-05 0.431992 0.014501 0.016408 0.011294 1e-05 0.476608 0.044443 0.004713 1e-05
1e-05 1e-05 0.23933 0.035215 0.041504 1e-05 0.000484 0.619345 0.010272 0.035953 0.017867
0.023705 0.00254 0.275831 0.021383 1e-05 0.014517 0.014683 0.624999 1e-05 1e-05 0.022312
0.026012 1e-05 0.372408 1e-05 1e-05 0.014174 0.001482 0.519633 0.010221 0.039407 0.016633
1e-05 1e-05 0.245114 0.007256 0.019189 0.016805 0.009604 0.626887 0.013814 0.047328 0.013982
0.016727 0.0234 0.320351 0.015469 1.8e-05 1e-05 1e-05 0.553227 0.02236 0.042093 0.006336
1e-05 1e-05 0.352931 0.047713 1.4e-05 0.015047 1e-05 0.544445 0.013813 0.025997 1e-05
0.029188 1e-05 0.230762 0.036682 0.00566 1e-05 0.071652 0.555516 0.00584 0.049195 0.015485
1e-05 1e-05 0.281266 0.036776 0.001958 0.007259 0.077033 0.503336 0.009417 0.075849 0.007086
1e-05 0.004125 1e-05 1e-05 1e-05 0.004719 0.967165 1e-05 1e-05 0.023921 1e-05
1e-05 1e-05 1e-05 1e-05 1e-05 0.000549 0.948618 1e-05 1e-05 0.050752 1e-05
1e-05 1e-05 1e-05 1e-05 1e-05 1e-05 0.967633 1e-05 1e-05 0.003315 0.028972
1e-05 1e-05 0.012557 1e-05 1e-05 1e-05 0.848897 0.004974 1e-05 0.133502 1e-05
1e-05 1e-05 0.658012 1e-05 0.108755 0.013791 1.4e-05 0.181025 0.038353 1e-05 1e-05
1e-05 1e-05 0.676992 0.01376 0.059508 0.007462 0.017106 0.169033 0.044599 1e-05 0.01151
1e-05 1e-05 0.697668 1e-05 0.067907 1e-05 0.016334 0.168978 0.034031 1e-05 0.015032
1e-05 0.009766 0.370991 0.002901 0.03355 0.012942 1e-05 0.514184 0.029048 0.004266 0.022332
0.019272 1e-05 0.384683 0.002669 1e-05 0.012758 1e-05 0.544227 0.027732 0.005396 0.003233
1e-05 0.035467 0.407593 1e-05 0.020771 1e-05 0.013933 0.454284 1e-05 0.034933 0.032978
1e-05 1e-05 0.332753 0.00731 1e-05 0.019055 0.001828 0.575235 0.031209 0.018538 0.014043
0.012112 1e-05 0.255349 0.008569 0.004868 0.009757 0.277772 0.189792 0.015959 0.21397 0.011841
0.020243 1e-05 0.24629 0.006873 1e-05 1e-05 0.29645 0.211512 0.00113 0.215826 0.001646
1e-05 0.017505 0.388062 1e-05 0.028324 0.012309 1e-05 0.464844 0.070188 0.018727 1e-05
1e-05 0.026234 0.270259 0.001893 0.064306 1e-05 0.010814 0.578754 0.03341 0.009249 0.005062
1e-05 1e-05 0.222459 0.019347 1e-05 0.020492 0.00349 0.684488 0.014028 0.020105 0.015561
1.2e-05 1e-05 0.306037 0.024303 1e-05 0.018131 0.013854 0.609153 1e-05 0.028469 1e-05
0.029313 1e-05 0.415469 0.016178 1e-05 1e-04 0.017795 0.446831 0.022023 0.037806 0.014464
0.019811 0.022091 0.220096 0.009601 1e-05 1e-05 0.008571 0.670618 0.000758 0.031444 0.016989
0.018813 1e-05 0.389786 1e-05 0.005229 0.019818 1e-05 0.530928 0.024809 0.000761 0.009826
0.001368 1e-05 0.348829 0.028129 0.00218 0.024426 1e-05 0.546417 0.005285 0.031134 0.012211
0.018776 1e-05 0.330768 0.017577 1e-05 0.009835 1e-05 0.566101 0.010695 0.046208 1e-05
1e-05 1e-05 0.274777 0.021645 1e-05 0.010775 0.055885 0.549613 0.010046 0.05425 0.02298
0.001505 1e-05 0.274553 0.040628 1e-05 0.013472 0.069686 0.515186 0.014679 0.059343 0.010929
1e-05 1e-05 1e-05 1e-05 1e-05 1e-05 0.931126 1e-05 1e-05 0.068784 1e-05
1e-05 1e-05 1e-05 1.1e-05 1e-05 0.001387 0.948923 1e-05 1e-05 0.049608 1e-05
1e-05 1e-05 1e-05 1e-05 1e-05 0.00263 0.95265 1e-05 1e-05 0.044641 1e-05
1e-05 1e-05 0.010628 1e-05 1e-05 1e-05 0.864539 0.00377 0.001417 0.119587 1e-05
1e-05 1e-05 0.686394 0.005005 0.091776 1e-05 0.009407 0.167749 0.026536 1e-05 0.013094
0.008148 1e-05 0.396352 0.018419 0.053824 0.014497 1e-05 0.484902 0.016568 1e-05 0.007258
1e-05 0.034553 0.136384 1e-05 1e-05 0.011185 0.021135 0.722482 1e-05 0.046707 0.027514
0.003759 0.033278 0.328669 0.010585 1e-05 0.007551 1e-05 0.570083 0.026783 0.019262 1e-05
1e-05 1e-05 0.272356 0.033656 1e-05 1e-05 0.295184 0.234402 0.010275 0.144791 0.009296
0.001539 1e-05 0.70506 1e-05 0.070211 1e-05 0.04272 0.158286 0.022134 1e-05 1e-05
0.007269 0.02052 0.250098 0.020957 0.002563 0.001258 0.274239 0.204242 0.006187 0.195434 0.017233
1e-05 0.00566 0.400447 0.017636 0.001347 0.014252 1e-05 0.508 0.028987 0.012848 0.010804
1e-05 0.020099 0.245822 1e-05 0.010479 0.014653 0.027736 0.65376 0.009508 0.012142 0.005781
0.017808 1e-05 0.249541 1e-05 1e-05 0.012604 0.00934 0.663772 0.00804 0.030962 0.007902
0.037286 1e-05 0.323475 1e-05 0.003498 0.013763 1e-05 0.578241 1e-05 0.034608 0.009089
0.000192 1e-05 0.357373 0.017706 1e-05 0.020868 1e-05 0.534576 0.01638 0.048384 0.004491
1e-05 1e-05 0.343036 0.028218 1e-05 0.00648 1e-05 0.591584 0.005663 0.024969 1e-05
0.005035 0.01076 0.333407 0.019566 0.003657 0.026199 1e-05 0.554031 0.010406 0.035055 0.001873
0.012953 1e-05 0.328372 0.03847 0.017821 0.024238 1e-05 0.567751 0.004728 0.005637 1e-05
1e-05 0.025179 0.263425 0.013128 0.006804 0.012813 0.069809 0.519679 0.00303 0.056297 0.029825
0.030429 1e-05 0.296182 1e-05 1e-05 0.007163 0.063043 0.513882 0.016604 0.07011 0.002556
1e-05 1e-05 1e-05 1e-05 1e-05 0.007817 0.906611 0.008838 1e-05 0.073666 0.003007
1e-05 1e-05 1e-05 1e-05 1e-05 0.00229 0.991579 0.003849 1e-05 0.002062 0.00016
1e-05 1e-05 1e-05 1e-05 1e-05 0.008293 0.963088 1e-05 1e-05 0.02854 1e-05
0.002765 1e-05 0.005269 0.001544 1e-05 1e-05 0.867293 0.019446 1e-05 0.103633 1e-05
1e-05 1e-05 0.001032 1e-05 0.983743 1e-05 0.007614 1e-05 0.00754 1e-05 1e-05
1e-05 1e-05 1e-05 1e-05 1e-05 1e-05 0.969769 1e-05 1e-05 0.028807 0.001345
0.005399 1e-05 1e-05 1e-05 0.00207 0.019021 0.869894 1e-05 1e-05 0.081472 0.022095
1e-05 1e-05 1e-05 1e-05 1e-05 1e-05 0.955729 1e-05 1e-05 0.031007 0.013184
1e-05 0.012464 0.011738 1e-05 1e-05 1e-05 0.644457 0.00602 1e-05 0.325261 1e-05
0.014231 1e-05 0.023829 0.004528 0.005011 0.009026 0.789944 0.00966 1e-05 0.14374 1e-05
1e-05 1.8e-05 1e-05 1e-05 1e-05 0.000552 0.554544 1e-05 0.004557 0.44027 1e-05
1e-05 1e-05 0.013231 0.006273 1e-05 0.001667 0.750398 0.005385 1e-05 0.222996 1e-05
0.025998 1e-05 0.247477 0.014385 0.011982 1e-05 0.342029 0.164674 0.003519 0.189905 1e-05
1e-05 1e-05 1e-05 1e-05 1e-05 1e-05 0.941993 1e-05 0.003769 0.047491 0.006677
1e-05 1e-05 1e-05 0.006899 1e-05 0.005017 0.914282 1e-05 0.00172 0.072022 1e-05
1e-05 0.004173 0.011894 0.023568 1e-05 1e-05 0.626284 0.033866 1e-05 0.294468 0.005709
0.000301 0.013713 0.027652 0.016399 1e-05 1e-05 0.693034 0.000833 1e-05 0.248027 1e-05
0.016779 1e-05 0.03839 1e-05 1e-05 1e-05 0.706882 1e-05 1e-05 0.237428 0.000461
1e-05 1e-05 0.283158 0.038388 1e-05 0.012757 0.323632 0.172216 0.007631 0.162177 1e-05
1e-05 1e-05 1e-05 1e-05 0.000441 1e-05 0.91687 0.00304 0.002134 0.077454 1e-05
0.003861 1e-05 1e-05 1e-05 1e-05 0.001213 0.860325 1e-05 0.001383 0.117536 0.015632
1e-05 1e-05 1e-05 1e-05 1e-05 0.010928 0.946106 1e-05 1e-05 0.042886 1e-05
1e-05 1e-05 0.022278 1e-05 1.1e-05 0.010279 0.645088 0.019853 0.006462 0.295989 1e-05
1e-05 0.007721 0.022775 1e-05 1e-05 0.000404 0.72279 0.015853 1e-05 0.230408 1e-05
1e-05 1e-05 1e-05 0.013594 1e-05 0.00112 0.750323 1e-05 1e-05 0.230185 0.004718
1e-05 1e-05 0.037173 0.023149 1e-05 1e-05 0.671663 0.015643 1e-05 0.238418 0.013905
0.008581 1e-05 0.236723 0.002492 1e-05 0.01599 0.370708 0.168957 0.007241 0.184863 0.004427
1e-05 1e-05 0.668262 0.003377 0.077237 0.004093 0.018808 0.197849 0.029197 1e-05 0.001147
1e-05 1e-05 0.706279 1e-05 0.101218 1e-05 0.0042 0.16194 1e-05 0.023023 0.00329
0.015377 0.005501 0.423861 1e-05 1e-05 0.001649 1e-05 0.508532 0.035506 0.00548 0.004064
0.017245 0.000232 0.358695 0.024451 0.048843 1e-05 1e-05 0.537796 0.00583 1e-05 0.006877
1e-05 0.019059 0.378322 0.010435 0.010227 0.014509 1e-05 0.56175 0.00199 0.003678 1e-05
1e-05 1e-05 0.403559 0.025531 1e-05 0.003526 1e-05 0.537994 0.017516 0.011824 1e-05
1e-05 0.026313 0.330408 1e-05 0.038543 0.00105 1e-05 0.586432 0.005747 0.011467 1e-05
0.048085 1e-05 0.225804 1e-05 0.004077 1e-05 0.323077 0.171146 0.011834 0.215937 1e-05
1e-05 1e-05 0.232293 0.023475 1e-05 0.001156 0.297433 0.227717 0.01305 0.204836 1e-05
1e-05 0.005405 0.411504 1.7e-05 0.032393 0.02515 1e-05 0.510532 0.004815 1e-05 0.010154
1e-05 1e-05 0.411586 1e-05 0.063353 0.020041 1e-05 0.457803 0.022324 0.024155 0.000698
1.2e-05 0.0237 0.287418 0.029438 1e-05 0.0071 1e-05 0.603729 1e-05 0.028062 0.020511
1e-05 0.01337 0.35061 0.018251 1e-05 0.015592 0.003493 0.529599 0.014682 0.045985 0.008398
0.012526 1e-05 0.348543 0.018914 1e-05 0.019785 1e-05 0.568046 0.009644 0.022502 1e-05
1e-05 1e-05 0.361885 0.054403 1e-05 0.00596 1e-05 0.539567 1e-05 0.036186 0.00195
0.01934 1e-05 0.345553 0.032595 1e-05 1e-05 1e-05 0.565209 1e-05 0.037242 1e-05
1e-05 1e-05 0.20854 0.040313 0.000643 1e-05 0.06724 0.602049 1e-05 0.056206 0.02497
0.012318 1e-05 0.256564 0.033027 1e-05 0.008982 0.064202 0.548545 1e-05 0.055223 0.02111
1e-05 1e-05 1e-05 1e-05 1e-05 1e-05 0.916233 1e-05 1e-05 0.083677 1e-05
1e-05 0.002539 1e-05 1e-05 1e-05 0.002989 0.994393 1e-05 1e-05 1e-05 1e-05
1e-05 1e-05 1e-05 1e-05 1e-05 0.000712 0.92477 1e-05 1e-05 0.074438 1e-05
1e-05 1e-05 0.03298 1e-05 0.001384 0.004374 0.832874 0.002066 0.003204 0.112334 0.010754
0.019029 1e-05 0.2353 0.011541 1e-05 0.007369 0.304544 0.214278 3.5e-05 0.207874 1e-05
0.018169 1e-05 0.383353 0.007541 1e-05 0.013199 0.159557 0.28263 0.022955 0.105396 0.007181
0.006091 0.019886 0.2787 1e-05 0.040254 0.01378 0.009545 0.586603 0.018643 0.023018 0.003469
1e-05 1e-05 0.398941 0.036652 0.013993 0.014837 1e-05 0.513921 0.009218 0.006345 0.006063
0.011863 0.02889 0.25818 0.017504 0.021113 0.007853 0.01126 0.633265 1e-05 0.001569 0.008493
0.00346 0.009679 0.323324 0.027687 0.008676 0.007912 1e-05 0.600794 1e-05 0.018439 1e-05
1e-05 0.008068 0.308074 0.025012 0.011561 0.004266 0.014022 0.573158 1e-05 0.053823 0.001997
0.002191 0.009134 0.360762 0.033361 0.017684 1e-05 1e-05 0.531704 1e-05 0.037053 0.008081
0.010935 1e-05 0.367187 0.030948 1e-05 1e-05 1e-05 0.544642 0.003239 0.042999 1e-05
1e-05 1e-05 0.306774 0.041038 1e-05 0.023672 1e-05 0.623109 0.002208 0.00217 0.00099
0.002216 1e-05 0.245261 0.033569 1e-05 0.022729 0.071372 0.555728 1e-05 0.064964 0.00413
0.00774 1e-05 0.253192 0.020818 1e-05 0.02196 0.062917 0.547268 0.017417 0.061849 0.006819
1e-05 1e-05 0.008782 1e-05 1e-05 0.005687 0.918563 1e-05 1e-05 0.063409 0.003499
0.004392 1e-05 1e-05 1e-05 1e-05 1e-05 0.955811 1e-05 1e-05 0.039717 1e-05
1e-05 1e-05 0.012987 0.001639 0.005845 1e-05 0.845653 0.017458 0.007249 0.10913 1e-05
1e-05 1e-05 1e-05 1e-05 1e-05 0.008968 0.944949 1e-05 0.001159 0.037643 0.00722
0.000495 1e-05 1e-05 1e-05 1e-05 0.004674 0.788385 0.008965 1e-05 0.174013 0.023418
1e-05 1e-05 1e-05 1e-05 1e-05 0.002461 0.947338 1e-05 1e-05 0.039515 0.010616
1e-05 1e-05 0.00081 1e-05 1.1e-05 1e-05 0.510401 0.000486 0.004223 0.48402 1e-05
1e-05 0.006922 0.025855 1e-05 1e-05 0.009597 0.654958 1e-05 1e-05 0.296945 0.005673
0.011622 1e-05 0.020542 1e-05 0.010846 1e-05 0.719228 0.002742 1e-05 0.23497 1e-05
0.002545 0.034499 0.255992 1e-05 1e-05 0.005153 0.30964 0.203407 0.010334 0.1784 1e-05
1e-05 0.051044 0.241362 0.003373 0.009778 1e-05 0.281749 0.206097 1e-05 0.202358 0.004209
1e-05 0.013467 0.384722 0.00818 0.004865 1e-05 1e-05 0.532005 0.043496 0.013224 1e-05
1e-05 0.019384 0.39409 0.013125 0.018743 0.01113 1e-05 0.512255 0.012294 0.018332 0.000627
0.008326 1e-05 0.246991 0.032691 0.001735 0.00743 0.031489 0.628651 0.003907 0.029156 0.009614
1e-05 0.012481 0.237305 0.021639 1e-05 0.004261 0.019782 0.637916 0.023297 0.021299 0.021999
1e-05 0.042417 0.321521 1e-05 1e-05 0.023353 1e-05 0.572346 0.00295 0.012292 0.025081
0.025566 0.018385 0.296649 1e-05 1e-05 0.019894 0.003243 0.581627 0.001712 0.039289 0.013614
0.001688 1e-05 0.327265 0.034648 0.009506 0.001007 1e-05 0.595718 1e-05 0.030129 1e-05
1e-05 1e-05 0.366442 0.049345 1e-05 1e-05 1e-05 0.572977 1e-05 0.007477 0.0037
0.049085 1e-05 0.273826 0.014077 0.006784 1e-05 0.057786 0.528656 1e-05 0.065132 0.004623
1e-05 1e-05 1e-05 0.004854 1e-05 0.007543 0.894363 1e-05 1e-05 0.092417 0.000763
1e-05 1.1e-05 1e-05 1e-05 1e-05 1e-05 0.965106 1e-05 1e-05 0.025707 0.009105
1e-05 1e-05 1e-05 9.5e-05 1e-05 0.003972 0.97147 0.001908 1e-05 0.01742 0.005085
1e-05 0.001821 0.018486 0.010993 1.3e-05 0.003167 0.847175 0.002733 1e-05 0.115583 1e-05
1e-05 1e-05 1e-05 1e-05 1e-05 1e-05 0.94257 1e-05 1e-05 0.049067 0.008283
1e-05 1e-05 1e-05 1e-05 1e-05 0.02381 0.809392 0.021132 1e-05 0.119231 0.026374
1e-05 1e-05 1e-05 1e-05 1e-05 1e-05 0.951592 1e-05 0.000635 0.047693 1e-05
1.3e-05 1e-05 0.012178 1e-05 0.006155 0.008259 0.651423 1e-05 1e-05 0.321923 1e-05
1e-05 1e-05 1e-05 1e-05 0.001455 1e-05 0.574646 0.014065 1e-05 0.409269 0.000505
2e-05 1e-05 0.004799 0.003825 1e-05 1e-05 0.732702 1e-05 0.004701 0.243562 0.010351
0.02212 0.003707 0.226011 0.008123 1e-05 0.005497 0.323105 0.13067 1e-05 0.26884 0.011907
1e-05 0.019515 0.39371 1e-05 0.040632 0.019927 0.001473 0.484977 0.027753 0.006273 0.005719
0.003757 1e-05 0.366649 0.011606 0.020544 0.015474 1e-05 0.521222 0.035255 0.025463 1e-05
1e-05 0.005236 0.332545 0.02225 1e-05 0.003171 0.00095 0.565679 0.033993 0.026586 0.00957
0.04247 0.001453 0.280546 1.8e-05 1e-05 0.002637 0.024449 0.600248 0.008391 0.025568 0.014211
0.009003 0.009528 0.279403 0.011166 1e-05 0.002468 1e-05 0.644327 0.005107 0.037616 0.001362
1e-05 0.010981 0.381149 0.009326 1e-05 0.027203 1e-05 0.51098 1e-05 0.06031 1e-05
0.024803 1e-05 0.38361 0.007836 0.016632 0.001804 1e-05 0.549453 0.004307 1e-05 0.011524
0.046042 1e-05 0.341709 0.013707 0.005891 0.000985 1e-05 0.553228 1e-05 0.031737 0.006672
1e-05 1e-05 0.349114 0.054067 1e-05 1e-05 1e-05 0.580894 0.003876 0.01199 1e-05
1e-05 0.01403 0.261483 0.019453 1e-05 1e-05 0.067116 0.5611 0.004957 0.067229 0.004601
0.034187 1e-05 0.223774 0.02809 1.4e-05 1e-05 0.042235 0.552524 0.019871 0.069471 0.029815
1e-05 1e-05 0.000164 1e-05 1e-05 1e-05 0.893489 0.015402 1e-05 0.089425 0.00146
1e-05 1e-05 1e-05 1e-05 1e-05 1e-05 0.987493 1e-05 1e-05 0.012417 1e-05
1e-05 1e-05 1e-05 0.005378 1e-05 1e-05 0.967284 1.4e-05 0.003934 0.022396 0.000944
0.005099 0.00019 0.006144 1e-05 1e-05 0.014625 0.823656 0.018168 0.003582 0.125599 0.002916
0.000216 1e-05 1.3e-05 1e-05 1e-05 1e-05 0.906179 1e-05 7.2e-05 0.093459 1e-05
0.012595 1e-05 0.001376 1e-05 1e-05 1e-05 0.846178 0.008073 1e-05 0.113508 0.018219
1e-05 1e-05 1e-05 1e-05 1e-05 1e-05 0.950063 1e-05 1e-05 0.042598 0.007259
1e-05 1e-05 1e-05 1e-05 1e-05 0.012855 0.378309 1e-05 1e-05 0.608757 1e-05
1e-05 1e-05 0.032225 1e-05 0.00353 0.007616 0.711229 1e-05 1.6e-05 0.239324 0.00602
0.018277 1e-05 0.076035 0.001178 1e-05 1e-05 0.721464 0.008307 0.0079 0.164329 0.002479
1e-05 1e-05 0.313244 0.00974 1e-05 0.039088 0.276682 0.205253 0.004496 0.132925 0.018542
0.012129 0.010822 0.237281 0.016662 1e-05 0.003097 0.276491 0.264381 0.004624 0.165099 0.009403
1e-05 0.032885 0.369761 0.009194 0.028605 1e-05 1e-05 0.518097 0.039266 5.1e-05 0.002112
1e-05 1e-05 0.389794 0.024652 0.032678 0.007426 1e-05 0.507453 0.024109 0.007778 0.00608
1e-05 0.028028 0.26665 0.017283 0.018002 0.011123 1.2e-05 0.639033 0.003053 0.016796 1e-05
0.006036 0.008263 0.189401 0.037016 0.013979 0.00659 1e-05 0.708288 1.4e-05 0.010113 0.02029
0.042297 1e-05 0.376077 1e-05 0.014541 0.007935 1e-05 0.521096 1e-05 0.031226 0.006788
0.008533 1e-05 0.390069 0.0277 1e-05 0.011638 1e-05 0.500056 0.021035 0.040929 1e-05
0.009152 1e-05 0.341295 0.04469 1e-05 0.012095 1e-05 0.578817 1e-05 0.013902 1e-05
1e-05 0.014598 0.370878 0.023937 0.002552 0.015662 1e-05 0.560345 1e-05 0.011989 1e-05
0.004317 1e-05 0.352783 0.044951 0.00623 0.005213 1e-05 0.550473 1e-05 0.030746 0.005258
1e-05 0.039477 0.267627 0.014395 1e-05 0.008055 0.056301 0.521349 0.015665 0.077102 1e-05
0.01523 1e-05 0.258142 0.011013 1e-05 0.019891 0.031065 0.557861 0.011659 0.074492 0.020626
1e-05 0.0022 1e-05 0.007456 1e-05 1e-05 0.878475 1e-05 0.003618 0.107843 0.000358
1e-05 1e-05 0.005646 0.014087 1e-05 1e-05 0.926295 1e-05 0.000288 0.045789 0.007846
0.005344 0.007534 1e-05 1e-05 1e-05 0.000825 0.980503 1e-05 1e-05 0.005733 1e-05
1e-05 0.003466 0.013432 1e-05 1e-05 0.00343 0.833914 0.005721 1e-05 0.138269 0.001728
1e-05 1e-05 1e-05 1e-05 1e-05 0.010065 0.907944 1e-05 1e-05 0.074482 0.007439
1e-05 1e-05 1e-05 1e-05 1e-05 1e-05 0.943217 1e-05 1e-05 0.046583 0.01012
1e-05 1e-05 0.023106 1e-05 1e-05 1e-05 0.662497 1e-05 1e-05 0.310918 0.003409
0.001191 1e-05 0.011684 0.00362 1e-05 1e-05 0.640517 0.010555 1e-05 0.32677 0.005623
1e-05 0.006487 0.032755 1e-05 0.002206 0.000782 0.710924 0.015817 1e-05 0.230988 1e-05
0.004598 1e-05 1e-05 1e-05 1e-05 1e-05 0.581372 1e-05 1e-05 0.41395 1e-05
1e-05 1e-05 1e-05 1e-05 8e-04 1e-05 0.965705 0.021448 1e-05 1e-05 0.011976
1e-05 1e-05 0.25469 0.020342 1e-05 0.007798 0.297719 0.181071 0.029509 0.208832 1e-05
0.009026 1e-05 0.370991 0.027653 1e-05 1e-05 1e-05 0.563121 0.02915 1e-05 1e-05
1e-05 1e-05 0.311468 0.01825 0.009792 0.010142 0.007834 0.578816 1e-05 0.041605 0.022065
0.006363 6e-04 0.342837 0.062323 1e-05 0.00645 1e-05 0.52377 0.008265 0.047999 0.001372
0.010114 1e-05 0.34946 0.05356 0.00436 1e-05 1e-05 0.541131 1e-05 0.025596 0.015739
1e-05 0.022266 0.278934 0.03773 1e-05 0.013314 0.06321 0.522287 0.009568 0.043934 0.008737
0.038473 0.004931 0.258665 0.002906 0.001522 1e-05 0.062817 0.566266 0.000115 0.064285 1e-05
1e-05 1e-05 1e-05 1e-05 1e-05 1e-05 0.951415 1e-05 1e-05 0.040074 0.008431
1e-05 1e-05 1e-05 1e-05 1e-05 1e-05 0.952676 1e-05 1e-05 0.047234 1e-05
1e-05 1e-05 1e-05 1e-05 1e-05 0.007673 0.942033 1e-05 1e-05 0.048075 0.002148
1e-05 1e-05 1e-05 1e-05 1e-05 1e-05 0.944101 1e-05 1e-05 0.037919 0.017901
