1e-05 1e-05 1e-05 1e-05 1e-05 0.983065 0.006036 1e-05 0.003235 1e-05 0.003362 0.004233
1e-05 1e-05 0.002294 1e-05 1e-05 0.992138 1e-05 1e-05 0.000797 1e-05 0.001053 0.003648
1e-05 1e-05 0.004881 1e-05 1e-05 0.987392 1.1e-05 1e-05 1e-05 1e-05 1e-05 0.007636
1e-05 1e-05 0.003284 1e-05 1e-05 0.979528 1e-05 1e-05 0.000248 0.006203 0.00349 0.007187
1e-05 1e-05 0.006011 0.004621 1e-05 0.978054 0.000407 0.006214 0.00337 1e-05 1e-05 0.001273
1e-05 1e-05 1e-05 0.007905 1e-05 0.985398 0.002419 1e-05 0.001567 1e-05 1e-05 0.002641
1e-05 1e-05 1e-05 1e-05 1e-05 0.99989 1e-05 1e-05 1e-05 1e-05 1e-05 1e-05
1e-05 1e-05 1e-05 1e-05 1e-05 0.991345 1e-05 1e-05 1e-05 1e-05 1e-05 0.008555
1e-05 1e-05 1e-05 1e-05 1e-05 0.989493 1e-05 1e-05 1e-05 1e-05 1e-05 0.010407
1e-05 1e-05 1e-05 1e-05 1e-05 0.98626 1e-05 1e-05 1e-05 1e-05 0.001992 0.011659
1e-05 1e-05 1e-05 0.011843 1e-05 0.98407 1e-05 1e-05 0.003997 1e-05 1e-05 1e-05
1e-05 1e-05 1e-05 0.015186 1e-05 0.973161 0.009115 1e-05 1e-05 1e-05 1e-05 0.002458
1e-05 1e-05 1e-05 1e-05 1e-05 0.99989 1e-05 1e-05 1e-05 1e-05 1e-05 1e-05
1e-05 1e-05 1e-05 1e-05 1e-05 0.99989 1e-05 1e-05 1e-05 1e-05 1e-05 1e-05
1e-05 1e-05 1e-05 0.022704 1e-05 0.965423 1e-05 1e-05 0.010318 1e-05 1e-05 0.001475
1e-05 1e-05 1e-05 0.014871 1e-05 0.953729 1e-05 1e-05 1e-05 0.01802 1e-05 0.0133
1e-05 1e-05 0.006171 1e-05 1e-05 0.991325 0.000877 1e-05 0.001547 1e-05 1e-05 1e-05
0.003235 1e-05 1e-05 0.582859 0.117839 0.191994 1e-05 1e-05 1e-05 0.068401 0.011724 0.023898
0.004863 1e-05 1e-05 0.599131 0.111116 0.236983 0.013214 1e-05 0.011848 1e-05 1e-05 0.022794
0.008294 0.010202 1e-05 0.591834 0.071149 0.175192 1e-05 0.006521 1e-05 0.121143 0.00653 0.009104
1e-05 1e-05 1e-05 0.771691 1e-05 0.0803 0.026582 0.00117 1e-05 0.112233 4.1e-05 0.007932
1e-05 0.001369 1e-05 0.594016 0.078279 0.132833 0.022281 0.003008 1e-05 0.145664 0.022509 1e-05
1e-05 0.008902 1e-05 0.579491 0.106752 0.114414 1e-05 0.011849 0.034129 0.144412 1e-05 1e-05
1e-05 1e-05 1e-05 0.651631 0.116262 0.029732 1e-05 0.008759 1e-05 0.179497 0.009957 0.004112
0.008652 1e-05 1e-05 0.621425 0.136314 0.039633 1e-05 0.018121 1e-05 0.170902 0.004904 1e-05
1e-05 0.012034 1e-05 0.718032 0.029914 0.015069 0.01154 1e-05 1e-05 0.189065 0.019739 0.004568
1e-05 0.00161 0.000285 0.662767 0.109523 0.016534 1e-05 0.011826 1e-05 0.169936 0.02748 1e-05
1e-05 1e-05 1e-05 0.680863 0.040308 0.057202 0.000938 0.023169 1e-05 0.170808 0.018415 0.008257
1e-05 1e-05 0.015479 0.673324 0.055429 0.067462 1e-05 1e-05 1e-05 0.174046 1e-05 0.0142
1e-05 0.000717 1e-05 0.639927 0.089567 0.066904 0.016159 1e-05 0.007856 0.161064 1e-05 0.017766
1e-05 1e-05 0.013035 0.64796 0.073098 0.080998 0.026392 1e-05 1e-05 0.128823 0.021833 0.00782
1e-05 1e-05 1e-05 0.608064 0.100554 0.082333 1e-05 1e-05 0.016087 0.171601 0.019684 0.001628
1e-05 0.009729 1e-05 0.275802 0.126917 1e-05 0.008811 0.033306 1e-05 0.535983 0.001426 0.007986
0.015851 1e-05 1e-05 0.267991 0.077532 0.022538 0.021813 0.012609 1e-05 0.561066 0.015661 0.004909
1e-05 1e-05 0.030658 0.238185 0.115561 0.014581 0.008866 1e-05 1e-05 0.585249 0.006849 1e-05
0.039981 1e-05 1e-05 0.245068 0.188355 1e-05 1e-05 1e-05 1e-05 0.500464 0.025629 0.000443
1e-05 1e-05 0.046619 0.135509 0.113417 0.002017 1e-05 0.012643 0.294962 0.208322 0.186472 1e-05
1e-05 1e-05 1e-05 1.1e-05 1e-05 0.999889 1e-05 1e-05 1e-05 1e-05 1e-05 1e-05
1e-05 1e-05 0.008127 0.060938 0.001022 0.918992 1e-05 1e-05 1e-05 0.004727 0.000836 0.005308
1e-05 1e-05 1e-05 0.598859 0.091547 0.216022 0.009327 0.001867 0.035733 0.046595 1e-05 1e-05
1e-05 0.017846 1e-05 0.58887 0.081399 0.262694 0.000537 1e-05 0.007939 0.021932 0.00695 0.011803
1e-05 1e-05 1e-05 0.798025 1e-05 0.054936 0.007933 1e-05 1e-05 0.118122 0.008841 0.012084
1e-05 1e-05 1e-05 0.749698 1e-05 0.102169 0.008612 0.007893 0.010005 0.092566 0.021335 0.007681
0.00429 1e-05 0.016776 0.592565 0.094293 0.120766 1e-05 1e-05 1e-05 0.159648 0.00055 0.011072
1e-05 1e-05 0.002573 0.621919 0.044637 0.185424 1e-05 1e-05 0.000327 0.105034 0.038708 0.001336
1e-05 1e-05 0.003932 0.677251 0.079306 0.015737 0.008835 0.013403 1e-05 0.181474 0.019311 0.00072
1e-05 0.02827 1e-05 0.647662 0.115153 0.017951 1e-05 0.014775 0.024765 0.148404 1e-05 0.002979
0.018001 0.00437 1e-05 0.633326 0.124402 0.017746 0.000321 1e-05 1.1e-05 0.196307 1e-05 0.005487
1e-05 1e-05 0.008937 0.620311 0.076973 0.064563 1e-05 0.01337 1e-05 0.204883 0.007165 0.003757
1e-05 1e-05 1e-05 0.639641 0.097835 0.074293 1e-05 1e-05 0.012173 0.152318 0.015291 0.008399
0.006757 0.017922 1e-05 0.632006 0.097299 0.05361 1e-05 1e-05 0.013772 0.168367 0.008559 0.001678
0.000655 0.022254 0.001836 0.30589 0.128989 1e-05 1e-05 0.020897 1e-05 0.486106 0.033334 1e-05
1e-05 1e-05 1e-05 1e-05 1e-05 0.985767 1e-05 0.006522 1e-05 1e-05 0.006755 0.000876
1e-05 1e-05 0.007419 1e-05 1e-05 0.985037 1e-05 1e-05 0.003072 0.004392 1e-05 1e-05
1e-05 1e-05 1e-05 1e-05 1e-05 0.979686 1e-05 0.001947 1e-05 0.007228 1e-05 0.011059
1e-05 0.000171 1e-05 0.009196 1e-05 0.986332 1e-05 1e-05 0.001864 0.002367 1e-05 1e-05
1e-05 1e-05 1e-05 0.014414 1e-05 0.982359 1e-05 1e-05 1e-05 1.4e-05 0.003133 1e-05
1e-05 1e-05 1e-05 1e-05 1e-05 0.99989 1e-05 1e-05 1e-05 1e-05 1e-05 1e-05
1e-05 1e-05 1e-05 1e-05 1e-05 0.997484 0.002416 1e-05 1e-05 1e-05 1e-05 1e-05
1e-05 1e-05 0.000149 0.010571 1e-05 0.951631 1e-05 0.006037 1e-05 0.011088 1e-05 0.020464
1e-05 0.004253 1e-05 0.626317 0.102103 0.245299 1e-05 0.000404 0.008485 1e-05 0.013088 1e-05
1e-05 0.004924 1e-05 0.622115 0.086064 0.221283 1e-05 1e-05 0.030379 0.014578 1e-05 0.020607
1e-05 1e-05 1e-05 0.551184 0.11716 0.245723 1e-05 1e-05 0.042154 0.037175 0.003911 0.002644
1e-05 1e-05 1e-05 0.613813 0.073323 0.069779 1e-05 0.025458 1e-05 0.170181 0.031368 0.016028
1e-05 1e-05 0.014618 0.749668 1e-05 0.073901 1e-05 0.034187 1e-05 0.104649 1e-05 0.022916
1e-05 1e-05 0.02477 0.632899 0.057976 0.100086 0.005562 0.003502 0.011472 0.154905 1e-05 0.008799
1e-05 1e-05 0.007995 0.669213 0.091537 0.025201 0.016995 1e-05 1e-05 0.176264 0.000935 0.011821
1e-05 1e-05 1e-05 0.654069 0.129445 0.011969 0.021396 1e-05 1.4e-05 0.146755 0.017872 0.018441
1e-05 0.002525 0.042659 0.700534 0.057409 0.010209 1e-05 1e-05 0.002734 0.171557 0.011723 0.000619
1e-05 0.009848 1e-05 0.630691 0.11611 0.032307 0.007607 0.001121 1e-05 0.187995 0.008218 0.006073
1e-05 1e-05 1e-05 0.635318 0.068386 0.085984 1e-05 0.030923 1e-05 0.163842 1e-05 0.015487
1e-05 1e-05 0.007715 0.681246 0.069689 0.064287 1e-05 0.012133 1e-05 0.140894 0.023988 1e-05
1e-05 1e-05 0.002443 1e-05 1e-05 0.994971 1e-05 0.002113 1e-05 1e-05 0.000392 1e-05
1e-05 1e-05 1e-05 1e-05 1e-05 0.982676 0.001959 1e-05 1e-05 0.004769 1e-05 0.010516
1e-05 1e-05 0.00779 1e-05 1e-05 0.98046 1e-05 0.000381 1e-05 0.005386 1e-05 0.005914
1e-05 1e-05 1e-05 1e-05 0.014128 0.971367 1e-05 0.005217 1e-05 1e-05 0.002005 0.007212
1e-05 1e-05 1e-05 0.008096 1e-05 0.983016 1e-05 1e-05 0.008799 1e-05 1e-05 1e-05
1e-05 1e-05 1e-05 1e-05 1e-05 0.99989 1e-05 1e-05 1e-05 1e-05 1e-05 1e-05
1e-05 1e-05 1e-05 1e-05 1e-05 0.999888 1e-05 1.1e-05 1e-05 1e-05 1e-05 1e-05
1e-05 1e-05 1e-05 0.022241 1e-05 0.949972 1e-05 0.006131 1e-05 1e-05 1e-05 0.021576
1e-05 1e-05 1e-05 0.592355 0.122666 0.213359 0.003997 1e-05 0.028336 0.004526 0.014477 0.020244
1e-05 0.003442 1e-05 0.583295 0.118369 0.230335 0.011226 1e-05 0.002097 0.019848 0.014113 0.017244
1e-05 0.018787 1e-05 0.580311 0.116071 0.245615 0.013006 1e-05 0.003081 1e-05 1e-05 0.023079
0.010103 0.003609 1e-05 0.642019 0.040696 0.097801 0.013726 0.015567 1e-05 0.154036 0.007936 0.014487
1e-05 0.013117 1e-05 0.637517 0.046321 0.102231 1e-05 1e-05 1e-05 0.161457 0.035548 0.003758
1e-05 0.008541 0.012936 0.634839 0.071058 0.097153 0.000562 0.007715 1e-05 0.148416 0.008008 0.010754
1e-05 1e-05 1e-05 0.766006 1e-05 0.083369 1e-05 0.001255 0.003198 0.093927 0.038259 0.013934
1e-05 0.012107 1e-05 0.682387 0.062419 0.032933 1e-05 0.008204 1e-05 0.188314 0.004134 0.009461
1.3e-05 1e-05 1e-05 0.611993 0.120295 0.042099 0.00558 1e-05 1e-05 0.197989 0.021981 1e-05
1e-05 1e-05 1e-05 0.678406 0.07889 0.031623 0.011135 0.010162 1e-05 0.167958 0.019542 0.002244
1e-05 1e-05 1e-05 0.629076 0.091174 0.077196 1e-05 0.009185 1e-05 0.154097 0.018667 0.020555
1e-05 1e-05 1e-05 1e-05 1e-05 0.990797 1e-05 0.003318 1e-05 1e-05 1e-05 0.005795
1e-05 1e-05 0.003464 1e-05 1e-05 0.986693 1e-05 1e-05 1e-05 1e-05 1e-05 0.009752
1e-05 1e-05 1e-05 1e-05 1e-05 0.989489 1e-05 0.002511 1e-05 1e-05 0.001429 0.006492
1e-05 1e-05 1e-05 1e-05 1e-05 0.968318 1e-05 1e-05 1e-05 0.015511 1e-05 0.016081
1e-05 0.001346 1e-05 0.020954 1e-05 0.97393 1e-05 1e-05 1e-05 1e-05 0.002794 0.000906
1e-05 1e-05 0.000888 0.011194 1e-05 0.978794 0.006519 1e-05 1e-05 1e-05 1e-05 0.002535
1e-05 1e-05 1e-05 1e-05 1e-05 0.99989 1e-05 1e-05 1e-05 1e-05 1e-05 1e-05
1e-05 1e-05 1e-05 0.022238 1e-05 0.939136 1e-05 0.006956 0.006641 0.004662 1e-05 0.020308
1e-05 1e-05 1e-05 1e-05 1e-05 0.99989 1e-05 1e-05 1e-05 1e-05 1e-05 1e-05
0.002882 0.00518 1e-05 0.014744 1e-05 0.96786 0.003898 1e-05 0.001639 1e-05 1e-05 0.003748
1e-05 1e-05 1.8e-05 0.02161 1e-05 0.941563 1e-05 0.002597 0.008048 0.006408 0.002249 0.017467
1e-05 1e-05 1e-05 0.537006 0.188042 0.204042 1e-05 0.029692 1.1e-05 1e-05 0.01585 0.025308
1e-05 1e-05 1e-05 0.607824 0.076351 0.224108 0.00073 1e-05 0.020255 0.044803 0.003993 0.021895
1e-05 0.003048 0.002338 0.62184 0.07442 0.24254 1e-05 0.017541 0.019386 0.005066 1e-05 0.013791
1e-05 0.022049 1e-05 0.643194 0.057514 0.090466 1e-05 0.006036 1.6e-05 0.167595 0.0078 0.005301
1e-05 1e-05 1e-05 0.683518 1e-05 0.153481 1e-05 0.004898 0.001661 0.133278 1e-05 0.023105
1e-05 1e-05 1e-05 0.625388 0.086543 0.140612 1e-05 0.019502 1e-05 0.096282 0.018823 0.012798
1e-05 1e-05 1e-05 0.820623 1e-05 0.051713 1e-05 0.010251 0.019652 0.088166 1e-05 0.009535
1e-05 1e-05 1.9e-05 0.659821 0.124123 0.014004 1e-05 0.012504 1e-05 0.165052 0.00705 0.017387
0.001701 1e-05 0.01612 0.665437 0.087754 0.020967 1e-05 1e-05 1e-05 0.200502 0.007469 1e-05
1e-05 1e-05 1e-05 0.659787 0.112573 0.004374 0.00891 0.017463 1e-05 0.166441 0.020469 0.009943
1e-05 0.017989 1.5e-05 0.632258 0.083138 0.070988 1e-05 0.00188 1e-05 0.188548 1e-05 0.005144
1e-05 1e-05 0.0297 0.608012 0.110425 0.078777 1e-05 1e-05 1e-05 0.154524 0.002324 0.016188
1e-05 1e-05 1.4e-05 1e-05 0.004166 0.99182 1e-05 1e-05 1e-05 1e-05 1e-05 0.003919
1e-05 1e-05 1e-05 1e-05 1e-05 0.995566 1e-05 1e-05 1e-05 1e-05 1e-05 0.004334
1e-05 1e-05 0.005043 1e-05 1e-05 0.989585 1e-05 1e-05 1e-05 0.003472 1e-05 0.00182
1e-05 1e-05 1e-05 0.00565 0.003657 0.98615 1e-05 1e-05 1e-05 1e-05 1e-05 0.004463
1e-05 1e-05 1e-05 1e-05 1e-05 0.99989 1e-05 1e-05 1e-05 1e-05 1e-05 1e-05
1e-05 1e-05 1e-05 1.2e-05 1e-05 0.999888 1e-05 1e-05 1e-05 1e-05 1e-05 1e-05
1e-05 1e-05 1e-05 1e-05 1e-05 0.99989 1e-05 1e-05 1e-05 1e-05 1e-05 1e-05
1e-05 1e-05 1e-05 0.098954 1e-05 0.867836 0.00386 1e-05 0.005086 1e-05 0.015792 0.008412
1e-05 1e-05 1e-05 1e-05 1e-05 0.987619 1e-05 0.00435 1e-05 0.004026 0.003736 0.000198
0.008956 0.003296 1e-05 0.553351 0.104871 0.250773 0.001982 1e-05 0.021314 0.034661 0.003747 0.017029
1e-05 0.008401 1e-05 0.613204 0.056886 0.239982 1e-05 0.001639 1e-05 0.052292 0.014582 0.012974
1e-05 1e-05 1e-05 0.609611 0.084826 0.237889 0.011609 1e-05 0.00685 0.011963 0.019502 0.017709
1e-05 1e-05 1e-05 0.776236 1e-05 0.055179 0.005184 1e-05 0.002084 0.108914 0.027215 0.02514
1e-05 1e-05 1e-05 0.61941 0.085157 0.09055 0.025186 1e-05 1e-05 0.158132 0.013875 0.007639
1e-05 0.026612 1e-05 0.683509 0.02676 0.097058 1e-05 1e-05 0.018121 0.135971 1e-05 0.011918
1e-05 1e-05 1e-05 0.769096 1e-05 0.064614 1e-05 0.013892 1e-05 0.126719 0.021835 0.003784
1e-05 0.02147 1e-05 0.623802 0.122808 0.005941 1e-05 1e-05 1e-05 0.191833 0.026506 0.007591
0.016984 1e-05 1e-05 0.674129 0.088871 0.014243 1e-05 1e-05 1e-05 0.18183 0.023883 1e-05
1e-05 1e-05 1e-05 0.660549 0.083747 0.039651 0.026996 1e-05 1e-05 0.177338 0.004421 0.007248
0.014647 1e-05 1e-05 0.639625 0.113834 0.011983 1e-05 1e-05 1e-05 0.197244 0.011392 0.011224
1e-05 1e-05 1e-05 0.621573 0.071398 0.115053 0.003777 0.017139 1e-05 0.148455 0.010864 0.011701
1e-05 1e-05 1e-05 0.538956 0.071671 0.186679 1e-05 1e-05 0.012931 0.162805 0.022787 0.004121
1e-05 1e-05 1e-05 1e-05 1e-05 0.99989 1e-05 1e-05 1e-05 1e-05 1e-05 1e-05
1e-05 0.005539 1e-05 1e-05 1e-05 0.985729 1e-05 1e-05 1e-05 1e-05 0.001188 0.007464
1e-05 1e-05 1e-05 1.2e-05 1e-05 0.991871 1e-05 1e-05 1e-05 1e-05 1e-05 0.008027
1e-05 1e-05 1e-05 1e-05 1e-05 0.972581 0.00645 0.001044 1e-05 0.013481 1e-05 0.006373
0.005129 1e-05 1e-05 1e-05 0.002732 0.990603 1e-05 1e-05 1e-05 1e-05 1e-05 0.001456
1e-05 1e-05 1e-05 0.010569 0.001252 0.97748 1e-05 1e-05 0.007064 1e-05 0.003566 1e-05
1e-05 1e-05 1e-05 1e-05 1e-05 0.99989 1e-05 1e-05 1e-05 1e-05 1e-05 1e-05
1e-05 1e-05 0.001664 0.101729 1e-05 0.871513 1e-05 1e-05 0.007396 0.009649 0.007071 0.000927
1e-05 1e-05 1e-05 1e-05 1e-05 0.992639 1e-05 1e-05 0.005835 0.001242 1e-05 0.000204
1e-05 1e-05 1e-05 0.60279 0.054355 0.269816 1e-05 1e-05 0.00309 0.026837 0.029707 0.013355
1e-05 1e-05 1e-05 0.615912 0.075894 0.217071 0.004004 1e-05 0.000309 0.043805 0.024804 0.01816
1e-05 1e-05 1e-05 0.639314 0.060556 0.107314 0.015617 1e-05 1e-05 0.140357 0.00478 0.032011
1e-05 0.008623 1e-05 0.591844 0.060839 0.167676 1e-05 0.012397 1e-05 0.123468 0.021562 0.013549
1e-05 1e-05 0.014164 0.773388 1e-05 0.068682 0.006106 1e-05 1e-05 0.089959 0.036773 0.010879
0.012366 1e-05 0.008702 0.635555 0.14356 0.031713 1e-05 1e-05 1e-05 0.151963 1e-05 0.01609
1e-05 1e-05 0.000635 0.67032 0.079729 0.022583 0.004934 0.003656 0.006459 0.18275 0.027521 0.001393
1e-05 1e-05 1e-05 0.625512 0.130241 0.028946 1e-05 0.005364 0.00066 0.180712 0.022995 0.005531
0.003085 1e-05 1e-05 0.696602 0.069111 0.019914 0.001349 0.007212 1e-05 0.173903 0.018624 0.01017
1e-05 0.013703 0.017128 0.63525 0.090423 0.064663 1e-05 1e-05 0.026026 0.148412 1e-05 0.004356
1e-05 1e-05 1e-05 1e-05 1e-05 0.987493 0.003372 1e-05 1e-05 1e-05 1e-05 0.009045
1e-05 1e-05 1e-05 1e-05 1e-05 0.984008 0.005675 1e-05 0.001276 0.000665 1e-05 0.008306
1e-05 0.0065 0.004208 1e-05 1e-05 0.98227 1e-05 1e-05 1e-05 1e-05 1e-05 0.006942
1e-05 1e-05 1e-05 1e-05 1e-05 0.971321 1e-05 0.006789 0.008038 1e-05 0.000571 0.013211
1e-05 1e-05 1e-05 0.008909 1e-05 0.98024 1e-05 0.003765 1e-05 5e-05 1e-05 0.006966
1e-05 1e-05 1e-05 1e-05 1e-05 0.999884 1e-05 1e-05 1.6e-05 1e-05 1e-05 1e-05
1e-05 1e-05 1e-05 2.7e-05 0.008232 0.985432 1e-05 1e-05 1e-05 0.004455 0.001784 1e-05
1e-05 1e-05 0.017749 0.54761 0.12185 0.267225 1e-05 1e-05 0.03114 0.008209 1e-05 0.006167
1e-05 1e-05 1e-05 0.754227 1e-05 0.087093 0.006436 1e-05 0.002621 0.103762 0.028891 0.01692
1e-05 1e-05 1e-05 0.659701 0.086768 0.101308 1e-05 1e-05 1e-05 0.135205 0.016942 1.6e-05
1e-05 0.006556 1e-05 0.776024 1e-05 0.076985 1e-05 1e-05 0.000132 0.117109 0.022146 0.000999
1e-05 1e-05 1e-05 0.67509 0.03712 0.086707 0.01581 1e-05 0.000438 0.149244 0.031368 0.004183
0.001877 0.002953 0.005404 0.75016 1e-05 0.062699 0.011472 0.006665 1e-05 0.127975 0.025867 0.00491
1.8e-05 1e-05 0.002758 0.625978 0.126342 0.032061 1e-05 0.022709 1e-05 0.190084 1e-05 1e-05
1e-05 1e-05 0.027687 0.649936 0.097027 0.029702 1e-05 1e-05 1e-05 0.179491 0.006 0.010108
1e-05 1e-05 1e-05 0.622323 0.07596 0.087802 1e-05 0.005668 0.008768 0.176888 0.022541 1e-05
1e-05 1e-05 0.006038 0.000613 1e-05 0.990461 1e-05 1e-05 1e-05 1e-05 0.002807 1e-05
1e-05 0.007213 1e-05 1e-05 1e-05 0.988634 1e-05 1e-05 1e-05 1e-05 1e-05 0.004063
1e-05 1e-05 1e-05 0.007408 1e-05 0.986925 1e-05 1e-05 1e-05 1e-05 1e-05 0.005577
1e-05 1e-05 1e-05 0.02729 1e-05 0.964395 1e-05 1e-05 1e-05 1e-05 0.008225 1e-05
1e-05 1e-05 1e-05 1.2e-05 1e-05 0.999888 1e-05 1e-05 1e-05 1e-05 1e-05 1e-05
1e-05 1e-05 1e-05 0.752074 1e-05 0.063623 0.001863 0.006677 1e-05 0.146776 0.015216 0.013721
1e-05 1e-05 1e-05 0.665937 0.078424 0.033311 0.01121 0.013137 1e-05 0.197921 1e-05 1e-05
1e-05 1e-05 1e-05 0.585337 0.124698 0.070283 0.023749 0.002036 0.004215 0.18704 0.002603 1e-05
1e-05 1e-05 0.025016 0.678435 0.073319 0.022695 1e-05 0.009609 1e-05 0.177312 0.002393 0.011182
1e-05 1e-05 0.000824 0.623239 0.145837 0.023016 1.5e-05 0.028572 1e-05 0.163826 0.011013 0.003629
1e-05 1e-05 0.02195 0.645152 0.077978 0.075184 0.010207 0.003512 1e-05 0.156382 1e-05 0.009595
1e-05 1e-05 1e-05 0.648682 0.089113 0.075732 0.013572 0.006307 1e-05 0.133845 0.032699 1e-05
1e-05 0.017106 1e-05 0.636905 0.083918 0.064888 0.00574 0.007082 1e-05 0.142161 0.021011 0.021159
1e-05 0.009905 0.018286 0.612264 0.084462 0.070203 1e-05 1e-05 0.008779 0.196051 1e-05 1e-05
0.006876 0.011162 0.021434 0.293272 0.118659 0.010767 0.004457 0.004222 0.004954 0.506845 1e-05 0.017342
1e-05 1e-05 0.022963 0.313916 0.09889 1e-05 0.028638 1e-05 1e-05 0.529346 0.000619 0.005578
1e-05 1e-05 1e-05 0.267279 0.143263 0.015432 1e-05 0.043946 1e-05 0.515751 1e-05 0.014268
1e-05 1e-05 1e-05 0.277859 0.135559 0.007938 0.032775 0.010496 1e-05 0.527303 0.003123 0.004907
1e-05 0.026781 1e-05 0.263502 0.110535 0.022266 1e-05 0.010238 1e-05 0.550398 0.010438 0.005802
1e-05 1e-05 1e-05 1e-05 1e-05 0.997491 1e-05 1e-05 1e-05 1e-05 1e-05 0.002409
1e-05 1e-05 1e-05 1e-05 1e-05 0.991705 1e-05 1e-05 1e-05 1e-05 0.006347 0.001858
1e-05 1e-05 1e-05 1e-05 1e-05 0.974757 0.001664 1e-05 0.007156 0.006206 1e-05 0.010147
1e-05 1e-05 1e-05 0.009346 1e-05 0.984083 1e-05 1e-05 1e-05 1e-05 0.006481 1e-05
0.002484 1e-05 1e-05 0.008082 1e-05 0.983704 1e-05 1e-05 1e-05 0.00565 1e-05 1e-05
1e-05 1e-05 1e-05 1e-05 1e-05 0.99989 1e-05 1e-05 1e-05 1e-05 1e-05 1e-05
1e-05 1e-05 1e-05 1e-05 1e-05 0.99989 1e-05 1e-05 1e-05 1e-05 1e-05 1e-05
1e-05 1e-05 1e-05 0.770469 1e-05 0.057262 1e-05 0.017504 1e-05 0.123805 0.027107 0.003793
1e-05 0.02511 1e-05 0.611098 0.075497 0.07932 1e-05 0.001195 1e-05 0.195037 0.010829 0.001874
1e-05 0.001254 0.0012 0.68447 0.088324 0.037519 0.009798 1e-05 0.014669 0.148071 0.012026 0.002651
1e-05 0.027916 1e-05 0.657752 0.104188 0.032098 1e-05 1e-05 1.4e-05 0.152664 0.015163 0.010167
1e-05 1e-05 1e-05 0.713201 0.055176 0.008884 0.032218 0.00153 1e-05 0.185143 0.003798 1e-05
0.001909 0.015685 1e-05 0.692033 0.07812 0.006527 1e-05 1e-05 1e-05 0.190026 1e-05 0.01565
0.006584 0.01817 1e-05 0.63421 0.079075 0.070451 1e-05 1e-05 0.017975 0.16616 1e-05 0.007336
1e-05 0.018231 1e-05 0.622419 0.105037 0.060127 1e-05 1e-05 1e-05 0.162404 0.025701 0.00603
0.002431 0.011616 1e-05 0.604834 0.062546 0.156488 1e-05 0.001656 0.015062 0.115571 0.011883 0.017892
0.005656 1e-05 0.016834 0.303444 0.099955 0.016973 0.001091 0.015484 1e-05 0.519137 0.021396 1e-05
1e-05 0.018375 1e-05 0.299382 0.164409 0.000899 0.002651 0.012679 1e-05 0.479776 0.021789 1e-05
1e-05 1e-05 0.015201 0.136485 0.128663 1e-05 0.009868 0.009712 0.284029 0.19811 0.217894 1e-05
1e-05 1e-05 1e-05 1e-05 1e-05 0.975489 1e-05 0.003634 0.000616 0.007453 1e-05 0.012738
1e-05 1e-05 1e-05 1e-05 1e-05 0.988541 0.004409 1e-05 1e-05 1e-05 1e-05 0.00696
1e-05 1e-05 1e-05 0.013328 1e-05 0.980233 0.006349 1e-05 1e-05 1e-05 1e-05 1e-05
1e-05 1e-05 1e-05 1.1e-05 1e-05 0.999889 1e-05 1e-05 1e-05 1e-05 1e-05 1e-05
0.008988 0.0189 1e-05 0.636292 0.084302 0.086578 1e-05 1e-05 1e-05 0.135905 1e-05 0.028985
1e-05 1e-05 1e-05 0.779619 1e-05 0.061707 0.020184 1e-05 1e-05 0.118024 0.018568 0.001838
1e-05 1e-05 0.017279 0.667995 0.091741 0.021192 0.014899 1e-05 1e-05 0.171625 0.007097 0.008131
1e-05 0.000473 0.009948 0.656896 0.111291 0.017623 0.021351 1e-05 1e-05 0.155074 0.017054 0.010261
1e-05 0.009473 0.008878 0.649426 0.122617 0.010787 0.001936 0.017823 0.010004 0.164921 1e-05 0.004115
1e-05 1e-05 0.005695 0.635623 0.059666 0.126834 0.010466 1e-05 0.009559 0.148225 0.000394 0.003508
1e-05 1e-05 1e-05 0.655459 0.112403 0.026349 0.011023 1e-05 1e-05 0.163056 0.018866 0.012791
1e-05 1e-05 0.003862 0.604238 0.060266 0.113899 1e-05 0.012059 1e-05 0.198714 0.006913 1e-05
1e-05 0.028195 0.001227 0.291799 0.129323 1e-05 0.019516 0.003065 1e-05 0.526824 1e-05 1e-05
1e-05 1e-05 0.006693 0.255274 0.134933 0.010189 0.015944 0.032215 1e-05 0.544702 1e-05 1e-05
0.002673 0.018168 0.009257 0.198704 0.115722 1e-05 0.01744 1e-05 0.000633 0.611342 0.016161 0.00988
1e-05 0.011403 0.004654 0.288049 0.134638 0.044429 0.009156 0.022952 1e-05 0.48468 1e-05 1e-05
1e-05 1e-05 0.038345 0.176062 0.142785 1e-05 0.005184 1e-05 0.213071 0.247891 0.176613 1e-05
0.0111 1e-05 0.0034 0.626318 0.052046 0.099547 1e-05 0.011857 0.00996 0.158745 0.026996 1e-05
0.002683 1e-05 1e-05 1e-05 1e-05 0.988408 1e-05 1e-05 0.000201 1e-05 1e-05 0.008628
1e-05 1e-05 1e-05 0.008851 1e-05 0.984565 0.006495 1e-05 1e-05 1e-05 1e-05 1e-05
1e-05 1e-05 1e-05 1.2e-05 1e-05 0.999887 1e-05 1e-05 1e-05 1e-05 1.1e-05 1e-05
1e-05 1e-05 0.001385 0.003878 1e-05 0.991131 1e-05 1e-05 1e-05 1e-05 0.003527 1e-05
1.3e-05 1e-05 0.007312 0.573632 0.087911 0.242399 0.006623 0.009293 0.005923 0.04009 0.002701 0.024092
0.008902 1e-05 1e-05 0.540608 0.067328 0.315632 1e-05 1e-05 1e-05 0.024189 0.036623 0.006668
1e-05 1e-05 1e-05 0.801296 1e-05 0.050987 0.001797 1e-05 1e-05 0.125549 0.020302 1e-05
1e-05 1e-05 1e-05 0.645828 0.04321 0.115833 0.001046 0.016289 0.001343 0.147741 0.024468 0.004212
1e-05 0.012226 0.00059 0.674568 0.090864 0.019226 1e-05 1e-05 1e-05 0.16151 0.033256 0.00772
1e-05 1e-05 1e-05 0.620289 0.143721 0.023498 0.002746 0.02243 0.016733 0.148149 0.001913 0.020491
0.002817 1e-05 1e-05 0.645708 0.122012 0.038244 0.014957 1e-05 1e-05 0.156071 0.004632 0.015519
1e-05 1e-05 0.029774 0.599939 0.100883 0.07193 1e-05 0.009683 1e-05 0.162493 0.021887 0.003371
1e-05 1e-05 1e-05 0.616329 0.064814 0.119951 1e-05 0.021347 1e-05 0.155405 0.022094 1e-05
1e-05 1e-05 0.007775 0.298969 0.107819 0.01007 0.006785 0.020213 1e-05 0.546934 0.001394 1e-05
1e-05 1e-05 1e-05 0.226099 0.098839 0.043066 0.037861 1e-05 1e-05 0.58226 0.011815 1e-05
1e-05 1e-05 0.023548 0.323972 0.092385 0.007112 0.031809 1e-05 1e-05 0.514632 0.000708 0.005794
1e-05 0.008259 1e-05 0.315797 0.107217 0.008408 0.026635 0.018398 1e-05 0.515235 1e-05 1e-05
1e-05 1e-05 0.02554 0.589794 0.105449 0.09161 1e-05 0.008337 1.1e-05 0.163226 1e-05 0.015992
1e-05 1e-05 1e-05 0.679429 0.057053 0.057091 0.011764 0.01563 1e-05 0.15328 0.000364 0.025349
1e-05 1e-05 1e-05 0.62257 0.049683 0.14464 1e-05 0.029176 1e-05 0.146822 0.007048 1e-05
1e-05 0.012273 0.009046 0.294061 0.099551 0.011735 1e-05 0.018377 1e-05 0.532684 1e-05 0.022234
0.003323 0.031906 1e-05 0.268151 0.174857 0.001305 1e-05 0.005245 1e-05 0.494313 0.020859 1e-05
1e-05 1e-05 1e-05 0.337412 0.135077 0.010933 0.00299 0.039297 1e-05 0.474231 1e-05 1e-05
1e-05 1e-05 0.029678 0.316591 0.112888 0.009716 0.045783 1e-05 1e-05 0.485283 1e-05 1e-05
1e-05 1e-05 0.027225 0.148295 0.163329 1e-05 1e-05 0.012312 0.281363 0.183293 0.166323 0.017819
1e-05 0.009554 1e-05 0.12459 0.176982 1e-05 0.000461 0.02044 0.257124 0.235398 0.175292 0.000129
0.001996 1e-05 1e-05 0.319997 0.120029 0.02011 0.018782 0.019412 1e-05 0.499624 1e-05 1e-05
0.000893 0.01888 1e-05 0.338905 0.129028 0.028524 0.00652 0.011077 1e-05 0.466134 1e-05 1e-05
0.006464 0.006777 1e-05 0.163954 0.109773 0.056405 0.026722 0.018898 1e-05 0.605836 1e-05 0.00514
1e-05 1e-05 0.003375 0.175614 0.128909 1e-05 0.025881 0.023372 1e-05 0.594705 0.018696 0.029408
1e-05 1e-05 1e-05 0.177308 0.116806 1e-05 0.031733 0.030474 0.010549 0.604498 0.018428 0.010164
1e-05 0.003315 0.042249 0.177616 0.169402 1e-05 1e-05 0.020559 1e-05 0.542911 0.025168 0.018741
0.028857 1e-05 1e-05 0.196546 0.185475 0.020033 0.00299 0.00922 1e-05 0.525724 0.017518 0.013608
1e-05 1e-05 1e-05 0.145399 0.218957 1e-05 1e-05 0.062713 1e-05 0.532111 0.025684 0.015076
0.032397 1e-05 1e-05 0.118694 0.175035 1e-05 1e-05 0.017335 0.062366 0.531294 0.057956 0.004884
1e-05 0.003368 0.021333 0.149955 0.160598 1e-05 0.021127 0.020199 0.040139 0.522969 0.037164 0.023128
1e-05 1e-05 1e-05 1e-05 1e-05 1e-05 0.003162 1e-05 0.955927 1e-05 0.038273 0.002558
1e-05 1e-05 0.00128 1e-05 1e-05 1e-05 1e-05 1e-05 0.856446 0.012947 0.125391 0.003867
1e-05 0.003529 0.005362 1e-05 1e-05 1e-05 1e-05 1e-05 0.966482 0.007494 0.012841 0.004232
0.006358 1e-05 1e-05 0.001536 0.007393 0.00829 1e-05 1e-05 0.840092 0.011277 0.118299 0.006715
1e-05 0.003479 1e-05 0.596826 0.11289 0.08951 0.0096 0.008774 0.005976 0.165738 1e-05 0.007177
1e-05 0.008267 0.005493 0.66852 0.046896 0.083016 1e-05 0.011749 1e-05 0.155336 0.018876 0.001818
1e-05 0.017405 1e-05 0.587123 0.123493 0.076699 1e-05 0.004891 0.015184 0.163014 1e-05 0.01215
0.012864 1e-05 0.013587 0.263768 0.139166 0.026422 0.017076 0.011624 1e-05 0.488744 0.025588 0.001142
1e-05 0.025807 0.009089 0.296235 0.129876 0.031981 0.007266 0.013898 1e-05 0.477 0.008819 1e-05
1e-05 1e-05 1e-05 0.305062 0.118794 8.2e-05 0.012972 0.036822 1e-05 0.517334 1e-05 0.008884
0.022767 1e-05 1e-05 0.223691 0.124648 0.023465 1e-05 0.01694 1e-05 0.584118 0.004319 1e-05
1e-05 0.006327 1e-05 0.158315 0.14086 0.004251 0.024577 0.001498 0.262389 0.187084 0.21467 1e-05
1e-05 1e-05 0.000433 0.370145 0.084508 0.002952 0.009778 0.019144 1e-05 0.51007 0.00293 1e-05
1e-05 1e-05 0.013444 0.336487 0.123972 0.043901 0.015995 1e-05 1e-05 0.456811 0.009339 1e-05
1e-05 1e-05 1e-05 0.155599 0.103297 0.044594 0.01288 0.02836 0.002036 0.605851 0.030582 0.016772
1e-05 0.018098 0.006017 0.15337 0.142537 1e-05 0.039696 1e-05 0.012479 0.608757 1e-05 0.019006
0.019055 0.009737 1e-05 0.205089 0.193157 1e-05 0.004621 0.014663 0.002086 0.507637 0.028494 0.015442
1e-05 1e-05 1e-05 0.146679 0.118468 0.025615 0.029594 1e-05 0.008367 0.615896 0.0433 0.012041
0.008249 0.016336 0.008071 0.203204 0.140416 0.010875 1e-05 0.032424 1e-05 0.541152 0.033669 0.005585
1e-05 0.005656 1e-05 0.149691 0.229229 0.009262 0.019835 0.045453 1e-05 0.531119 0.009714 1e-05
0.010927 0.016393 1e-05 0.117592 0.132423 0.005906 0.00701 0.041795 0.075823 0.543232 0.034735 0.014155
1e-05 1e-05 1e-05 0.150779 0.152161 0.003799 0.020472 0.032439 0.078221 0.492612 0.063935 0.005552
1e-05 1e-05 0.008288 1e-05 1e-05 1e-05 1e-05 1e-05 0.958248 1e-05 0.033374 1e-05
1e-05 1e-05 1e-05 1e-05 1e-05 1e-05 1e-05 0.002928 0.940176 1e-05 0.056807 1e-05
1e-05 1e-05 1e-05 1e-05 1e-05 1e-05 1e-05 1e-05 0.960448 1e-05 0.010981 0.028481
1e-05 1e-05 1e-05 0.016655 1e-05 1e-05 1e-05 1e-05 0.833618 1e-05 0.149637 1e-05
1e-05 1e-05 0.007334 0.601299 0.084947 0.112166 0.011931 1e-05 1e-05 0.175755 0.006508 1.9e-05
1.1e-05 1e-05 0.024653 0.625312 0.080362 0.069151 0.010505 1e-05 1e-05 0.163153 0.01171 0.015113
1e-05 1e-05 0.008158 0.660282 0.069163 0.06891 1e-05 1e-05 0.003452 0.166595 0.00772 0.01568
0.008078 1e-05 0.004024 0.279834 0.114565 0.047788 0.012656 0.004671 1e-05 0.500526 0.005692 0.022146
1e-05 0.012068 1e-05 0.313848 0.096904 0.005327 1e-05 0.034508 1e-05 0.53112 0.003225 0.002959
0.026245 1e-05 0.011317 0.306535 0.125104 0.00498 0.004328 1e-05 0.001916 0.443775 0.043004 0.032776
1e-05 1e-05 0.01553 0.25923 0.098737 0.009064 0.017971 0.001363 0.000327 0.561666 0.020831 0.01526
1e-05 0.012717 0.026764 0.156297 0.117481 0.012878 1e-05 1e-05 0.264313 0.183346 0.214042 0.012132
1e-05 0.006707 1e-05 0.139493 0.12341 1e-05 1e-05 0.036628 0.284663 0.202229 0.206813 1.7e-05
0.012044 1e-05 0.003996 0.284587 0.127472 0.081604 0.017445 1e-05 1e-05 0.454584 0.018227 1e-05
1e-05 1e-05 0.014575 0.182328 0.107622 0.08668 1e-05 0.024874 0.010713 0.5665 0.00224 0.004437
1e-05 1e-05 0.00538 0.158998 0.082177 0.001212 0.015574 0.028067 0.005602 0.672529 0.015375 0.015066
1e-05 0.003119 1e-05 0.182909 0.142619 1e-05 0.016168 0.030851 0.01314 0.592237 0.018917 1e-05
1e-05 0.041222 0.006489 0.278334 0.16693 0.002777 0.00253 1e-05 0.014374 0.434656 0.037297 0.015369
0.036884 0.003493 1e-05 0.121413 0.114666 1e-05 1e-05 0.018999 0.009476 0.656303 0.023971 0.014766
0.002501 0.016531 1e-05 0.30224 0.110601 0.015056 0.014057 0.012447 1e-05 0.516885 0.000354 0.009308
1e-05 0.00389 1e-05 0.193189 0.180443 1e-05 0.033392 0.022805 1e-05 0.53453 0.020412 0.011299
1e-05 0.036977 1e-05 0.155452 0.202067 0.004968 0.009118 0.004526 1e-05 0.553509 0.033344 1e-05
1e-05 1e-05 1e-05 0.144753 0.152965 0.000845 0.022531 0.013743 0.057459 0.539092 0.046697 0.021885
1e-05 0.015731 1e-05 0.143996 0.152778 0.005832 0.025921 0.020495 0.07211 0.504866 0.048796 0.009456
1e-05 1e-05 1e-05 1e-05 1e-05 1e-05 1e-05 1e-05 0.91131 1e-05 0.08859 1e-05
1e-05 1e-05 1e-05 1e-05 1e-05 1e-05 1e-05 0.000599 0.940223 1e-05 0.059088 1e-05
1e-05 0.002144 1e-05 1e-05 1e-05 1e-05 0.001257 1e-05 0.938744 1e-05 0.057775 1e-05
1e-05 1e-05 1e-05 1e-05 0.013351 1e-05 1e-05 1e-05 0.849404 0.000143 0.136361 0.000671
1e-05 0.005732 0.002685 0.642407 0.073081 0.08273 1e-05 0.01292 1e-05 0.164114 1e-05 0.016292
1e-05 0.001989 1e-05 0.325601 0.091836 0.053707 0.045612 1e-05 1e-05 0.474194 1e-05 0.007011
0.019795 1e-05 0.015454 0.073501 0.076856 1e-05 1.3e-05 0.01773 0.026455 0.707574 0.037127 0.025475
0.020973 0.002142 0.018874 0.257134 0.094076 0.011282 0.002016 0.018255 1e-05 0.555706 0.019523 1e-05
1e-05 1e-05 1e-05 0.17081 0.119281 0.000333 0.010758 0.035814 0.283373 0.227855 0.142478 0.009268
1e-05 0.005117 1e-05 0.657665 0.074397 0.057421 1e-05 0.01558 0.012084 0.154879 0.022817 1e-05
0.023594 1e-05 1e-05 0.145154 0.120873 0.002075 0.003933 0.03443 0.263561 0.198838 0.190778 0.016745
1.1e-05 1e-05 1e-05 0.327756 0.096923 0.011261 0.020138 0.02699 1e-05 0.494133 0.011822 0.010938
0.028685 1e-05 1e-05 0.163539 0.100529 0.011377 0.005196 0.00605 0.030147 0.640726 0.00861 0.005121
0.028779 1e-05 1e-05 0.140108 0.129978 1e-05 0.007653 1e-05 0.012579 0.650956 0.023543 0.006364
0.009579 0.02905 1e-05 0.184254 0.161792 1e-05 0.010271 0.007699 1e-05 0.563199 0.027148 0.006978
1e-05 0.007418 1e-05 0.209019 0.173425 0.003276 0.006443 0.036889 1e-05 0.524693 0.034401 0.004407
1e-05 1e-05 1e-05 0.132912 0.237037 1e-05 1e-05 0.044146 1e-05 0.580168 0.005667 1e-05
1e-05 0.009412 0.014413 0.152421 0.20563 0.009318 1e-05 0.049484 1e-05 0.539734 0.018292 0.001267
1e-05 0.019287 0.000356 0.151794 0.201754 0.015957 0.031091 0.02713 1e-05 0.552591 1e-05 1e-05
0.012879 1e-05 0.026276 0.143736 0.141337 0.003485 0.013783 0.002932 0.071589 0.50803 0.047606 0.028337
0.006754 0.023004 1e-05 0.145349 0.174851 0.008577 1e-05 0.015345 0.066709 0.502018 0.056344 0.001029
1e-05 1e-05 1e-05 1e-05 1e-05 1e-05 0.004382 1e-05 0.895095 0.009653 0.08782 0.00298
1e-05 1e-05 1e-05 1e-05 1e-05 1e-05 0.000957 0.000462 0.984863 0.00462 0.009027 1e-05
0.003408 1e-05 1e-05 1e-05 1e-05 1e-05 1e-05 0.005685 0.954504 1e-05 0.036322 1e-05
0.005613 1e-05 1e-05 0.00691 1e-05 1e-05 1e-05 1e-05 0.855879 0.016227 0.1153 1e-05
1e-05 1e-05 1e-05 0.00369 1e-05 0.99109 1e-05 1e-05 0.004545 0.000595 1e-05 1e-05
1e-05 1e-05 1e-05 1e-05 1e-05 1e-05 1e-05 1e-05 0.954882 1e-05 0.044445 0.000583
1e-05 0.006779 1e-05 1e-05 1e-05 0.002086 0.01716 1e-05 0.856061 1e-05 0.095848 0.022006
1e-05 1e-05 1e-05 1e-05 1e-05 1e-05 1e-05 1e-05 0.943586 1e-05 0.043595 0.01273
0.003195 1e-05 0.017963 0.006916 0.006223 1e-05 1e-05 1e-05 0.624351 0.006068 0.335234 1e-05
1e-05 0.013547 1e-05 0.012989 0.01366 0.004383 0.016773 0.001122 0.776469 0.008878 0.152148 1e-05
0.008514 1e-05 1e-05 1e-05 1e-05 1e-05 1e-05 0.006247 0.536335 1e-05 0.448824 1e-05
1e-05 1e-05 1e-05 0.00468 0.008459 1e-05 1e-05 0.015366 0.731382 0.006244 0.233809 1e-05
0.001415 0.021754 1e-05 0.12907 0.137164 0.010582 1e-05 0.025175 0.332721 0.157617 0.184472 1e-05
1e-05 0.000332 1e-05 1e-05 1e-05 0.001044 1e-05 1e-05 0.931261 0.001548 0.058616 0.00714
1e-05 1e-05 0.004168 1e-05 1e-05 1e-05 0.004142 0.004813 0.903303 1e-05 0.083504 1e-05
1e-05 1e-05 0.027386 0.005619 0.01124 1e-05 0.003081 1e-05 0.609395 0.030139 0.306196 0.006904
0.018136 1e-05 1e-05 1e-05 0.029291 1e-05 0.017029 1e-05 0.676614 0.00437 0.254501 1e-05
1e-05 0.02332 1e-05 0.028581 0.011613 1e-05 1e-05 1e-05 0.690279 1e-05 0.244436 0.001711
1e-05 1e-05 0.002092 0.153567 0.149449 1e-05 0.019026 0.037587 0.316486 0.166359 0.155395 1e-05
1e-05 1e-05 1e-05 1e-05 1e-05 0.002394 1e-05 1e-05 0.901544 0.003961 0.09202 1e-05
1e-05 0.004196 1e-05 1e-05 1e-05 1e-05 0.004748 1e-05 0.846267 1e-05 0.12904 0.01568
1e-05 1e-05 1e-05 1e-05 1e-05 1e-05 0.012341 1e-05 0.934871 1e-05 0.052698 1e-05
0.003338 0.011975 1e-05 0.016974 0.006369 0.003645 1e-05 1e-05 0.627037 0.023582 0.307042 1e-05
0.011121 1e-05 1e-05 1e-05 0.025882 1e-05 1e-05 0.005008 0.7099 0.01438 0.233648 1e-05
1e-05 1e-05 1e-05 0.001585 1e-05 1e-05 1e-05 0.022981 0.733452 1e-05 0.237676 0.004236
1e-05 1e-05 0.005757 0.020512 0.020654 1e-05 0.016868 0.002792 0.655801 0.014469 0.249378 0.013739
1e-05 0.016529 1e-05 0.141646 0.111669 1e-05 0.016038 1e-05 0.357007 0.164849 0.18773 0.004494
1e-05 1e-05 1e-05 0.649305 0.049377 0.07255 0.022165 8.3e-05 1e-05 0.193682 0.007413 0.005385
1e-05 1e-05 1e-05 0.681157 0.059237 0.068024 1e-05 1e-05 1e-05 0.145821 0.044742 0.000958
0.018875 0.00599 1e-05 0.341685 0.107181 0.012238 1e-05 0.003314 1e-05 0.496169 0.00892 0.005597
1e-05 0.015755 0.01886 0.276187 0.104246 0.041109 0.007233 0.006346 1e-05 0.524355 1e-05 0.00588
1e-05 0.00607 0.017955 0.306386 0.094048 1e-05 0.012729 0.015046 1e-05 0.544265 0.003462 1e-05
1e-05 1e-05 0.013168 0.305561 0.118908 0.007234 0.004106 0.022923 1e-05 0.520669 0.00739 1e-05
0.019411 1e-05 1e-05 0.248184 0.102974 0.031817 1e-05 0.019766 1e-05 0.571337 0.00646 1e-05
1e-05 0.044807 0.008018 0.123409 0.120188 0.01032 1e-05 0.002317 0.313431 0.165487 0.211994 1e-05
1e-05 1e-05 1e-05 0.129915 0.120198 0.001301 1e-05 0.042943 0.288976 0.222423 0.193872 0.000332
0.008702 1e-05 0.001177 0.312455 0.123072 0.020913 0.006132 0.02262 1e-05 0.493254 1e-05 0.011646
1e-05 1e-05 0.009087 0.33045 0.107346 0.066075 0.01167 0.006067 1e-05 0.442762 0.025162 0.001352
0.009629 0.00114 0.017993 0.162473 0.145275 1e-05 0.0273 0.007729 1e-05 0.589448 0.021085 0.017907
0.003068 1e-05 0.01692 0.1978 0.17881 0.004974 0.014912 0.018553 0.004141 0.517147 0.036582 0.007083
1e-05 0.016732 1e-05 0.183153 0.191235 0.00235 0.021511 0.019678 1e-05 0.555203 0.010098 1e-05
1e-05 0.00984 1e-05 0.153634 0.23364 1e-05 0.012502 0.046064 1e-05 0.525477 0.018042 0.000761
1e-05 0.026394 1e-05 0.146232 0.224831 1e-05 1e-05 0.032076 1e-05 0.549853 0.020554 1e-05
1e-05 0.010972 0.002703 0.116346 0.109895 1e-05 0.019532 0.008205 0.068165 0.589132 0.052328 0.022702
1e-05 0.012875 1e-05 0.117338 0.15934 1e-05 0.00767 0.042082 0.069077 0.535082 0.037921 0.018585
1e-05 1e-05 1e-05 1e-05 1e-05 1e-05 1e-05 1e-05 0.905742 1e-05 0.094158 1e-05
1e-05 1e-05 0.006336 1e-05 1e-05 1e-05 1e-05 1e-05 0.99194 1e-05 0.001634 1e-05
1e-05 1e-05 1e-05 1e-05 1e-05 1e-05 1e-05 1e-05 0.909782 1e-05 0.090118 1e-05
1e-05 1e-05 1e-05 0.023875 0.011687 0.002871 1e-05 1e-05 0.82258 0.001818 0.125463 0.011656
1e-05 0.019082 1e-05 0.11811 0.134665 1e-05 0.021089 0.002155 0.293245 0.206103 0.205511 1e-05
1e-05 0.031985 1e-05 0.254106 0.152868 0.010437 0.004112 0.009025 0.150159 0.275257 0.104948 0.007083
0.035094 1e-05 1e-05 0.17679 0.121066 0.049462 0.002386 0.009159 0.009104 0.575004 0.019344 0.002571
1e-05 1e-05 0.018062 0.306198 0.11686 0.006848 0.020226 0.021965 1e-05 0.499715 0.004666 0.005429
0.016748 0.009522 0.02707 0.183524 0.093176 0.014468 0.008017 0.011118 0.008371 0.619507 0.000898 0.007582
1e-05 0.004568 0.025409 0.206757 0.139757 1e-05 0.008361 0.016461 1e-05 0.586 0.012647 1e-05
1e-05 1e-05 0.022892 0.164627 0.167146 0.004637 1e-05 0.025136 0.017544 0.559942 0.038036 1e-05
0.020194 1e-05 0.000582 0.189632 0.196659 0.011073 0.004973 0.025293 1e-05 0.519488 0.026471 0.005614
1e-05 0.019444 1e-05 0.158626 0.236664 1e-05 0.004472 0.025826 1e-05 0.530523 0.024395 1e-05
1e-05 0.000171 1e-05 0.134104 0.196794 1e-05 0.032488 0.029526 1e-05 0.606857 1e-05 1e-05
1e-05 0.014538 1.1e-05 0.112632 0.153172 1e-05 0.043879 1e-05 0.072319 0.543157 0.05822 0.002042
1e-05 0.014649 1e-05 0.113791 0.160677 0.011348 1e-05 0.046935 0.069081 0.534312 0.043689 0.005489
1e-05 1e-05 1e-05 0.007223 0.000576 1e-05 0.005666 1e-05 0.908423 1e-05 0.073178 0.004874
1e-05 0.006875 1e-05 1e-05 1e-05 1e-05 1e-05 1e-05 0.943478 1e-05 0.049557 1e-05
1e-05 1e-05 1e-05 0.019231 1e-05 0.010712 1e-05 0.002844 0.831745 0.010419 0.124988 1e-05
1e-05 1e-05 1e-05 1e-05 1e-05 0.000283 0.005091 1e-05 0.934988 1e-05 0.051919 0.007649
1e-05 1e-05 0.01126 1e-05 1e-05 1e-05 1e-05 1e-05 0.772142 0.009866 0.18416 0.022502
1e-05 1e-05 1e-05 1e-05 1e-05 1e-05 1e-05 0.003846 0.940792 1e-05 0.045092 0.010189
0.005227 1e-05 1e-05 0.007586 1e-05 1e-05 1e-05 1e-05 0.492988 0.000958 0.49317 1e-05
1e-05 1e-05 0.021684 0.018507 0.009652 1e-05 0.000978 1e-05 0.632732 1e-05 0.310913 0.005484
0.020034 1e-05 1e-05 0.00276 0.020268 0.010134 1e-05 1e-05 0.704354 0.001382 0.241018 1e-05
0.049388 1e-05 1e-05 0.130155 0.144889 1e-05 1e-05 1e-05 0.304795 0.199621 0.171089 1.4e-05
0.0408 1e-05 1e-05 0.117647 0.140513 0.004692 1e-05 0.026188 0.274161 0.199716 0.193159 0.003093
0.011395 1e-05 1e-05 0.302799 0.10361 0.032134 0.001661 0.014776 1e-05 0.519387 0.014198 1e-05
1e-05 0.000928 0.026149 0.321056 0.096338 0.016149 0.0033 0.018145 1e-05 0.496314 0.020179 0.001423
1e-05 0.020705 0.00703 0.129525 0.13743 4.7e-05 1e-05 0.02884 0.035544 0.615335 0.017221 0.008303
0.017387 1e-05 1e-05 0.152312 0.105915 0.011507 0.024479 0.00446 0.020011 0.6244 0.018209 0.0213
0.059797 1e-05 1e-05 0.171378 0.170389 1e-05 0.009384 1e-05 1e-05 0.559739 0.005988 0.023277
0.024897 0.019454 0.008126 0.163535 0.154174 1e-05 0.010538 0.005489 0.004953 0.567241 0.030509 0.011073
1e-05 0.004951 1e-05 0.145015 0.207969 0.0048 0.007814 0.032236 1e-05 0.581663 0.015513 1e-05
1e-05 1e-05 1e-05 0.179183 0.211762 1e-05 0.011028 0.043934 1e-05 0.554019 1e-05 1.3e-05
1e-05 0.04863 1e-05 0.138719 0.156648 0.001368 1e-05 0.021902 0.059826 0.517412 0.053126 0.002339
1e-05 1e-05 1e-05 1e-05 1e-05 1e-05 0.008402 0.007151 0.882161 1e-05 0.101973 0.000243
1e-05 1e-05 1e-05 1e-05 1e-05 1e-05 1e-05 1e-05 0.955525 1e-05 0.036273 0.008112
1e-05 1e-05 1e-05 1e-05 0.00148 1e-05 1e-05 0.003007 0.965233 1.3e-05 0.025179 0.005028
1e-05 1e-05 0.011513 0.01426 0.005639 1e-05 0.006605 1e-05 0.831423 0.00258 0.127931 1e-05
1e-05 1e-05 1e-05 1e-05 1e-05 1e-05 1e-05 0.0019 0.930685 1e-05 0.059407 0.007928
1e-05 1e-05 1e-05 1e-05 1e-05 1e-05 0.026565 1e-05 0.790755 0.021379 0.135046 0.026186
1e-05 1e-05 1e-05 1e-05 1e-05 1e-05 1e-05 1e-05 0.94102 1e-05 0.05888 1e-05
0.009975 1e-05 1e-05 0.01628 1e-05 0.001697 0.00572 1e-05 0.631133 1e-05 0.335135 1e-05
1e-05 1e-05 1e-05 1e-05 1e-05 1e-05 1e-05 1e-05 0.554377 0.020062 0.42391 0.001571
1e-05 0.004466 1e-05 0.008791 1e-05 1e-05 0.002644 1e-05 0.711972 1e-05 0.262713 0.009354
0.001714 0.018468 1e-05 0.103798 0.13795 1e-05 1e-05 0.031155 0.312993 0.124953 0.258415 0.010524
0.02063 1e-05 1e-05 0.28518 0.130398 0.053465 0.003357 0.025659 1e-05 0.472336 0.003632 0.005313
1e-05 0.013095 1e-05 0.282916 0.105348 0.041128 0.014218 0.01238 1e-05 0.506659 0.024217 1e-05
1e-05 1e-05 0.023516 0.191825 0.163639 0.024068 1e-05 0.022596 0.001986 0.552604 0.011486 0.008251
0.017422 0.031508 1e-05 0.15268 0.15018 1e-05 1e-05 0.002916 0.026101 0.587168 0.019091 0.012904
0.010096 0.005306 0.005661 0.173367 0.126581 1e-05 0.004456 0.013914 1e-05 0.630321 0.030268 1e-05
0.013826 1e-05 1e-05 0.173498 0.233213 1e-05 0.00615 0.039623 1e-05 0.494523 0.039117 1e-05
1e-05 0.020867 1e-05 0.319498 0.08811 0.003005 0.020127 1e-05 1e-05 0.535376 0.002398 0.010578
1.3e-05 0.037906 1e-05 0.127476 0.242091 0.003138 1e-05 0.030732 0.005167 0.539251 0.009782 0.004425
1e-05 1e-05 1e-05 0.176391 0.198427 1e-05 0.000801 0.058631 1e-05 0.565679 1e-05 1e-05
0.016023 1e-05 1e-05 0.133026 0.150422 1e-05 1e-05 0.02424 0.069956 0.547992 0.05533 0.00297
0.007164 0.036128 1e-05 0.131766 0.115075 1e-05 0.015779 0.008456 0.044211 0.544868 0.06592 0.030612
1e-05 1e-05 1e-05 0.004374 1e-05 1e-05 1e-05 1e-05 0.876677 0.011461 0.105963 0.001455
1e-05 1e-05 1e-05 1e-05 1e-05 1e-05 1e-05 1e-05 0.98006 1e-05 0.01984 1e-05
1e-05 1e-05 1e-05 1e-05 1e-05 0.000955 0.002276 0.003395 0.956379 0.00123 0.033187 0.002528
1e-05 0.003096 0.016085 1e-05 0.006243 1e-05 0.003404 1e-05 0.806044 0.020783 0.140453 0.003852
1e-05 0.000599 1e-05 1e-05 0.001054 1e-05 1e-05 1e-05 0.890873 1e-05 0.107394 1e-05
