1e-05 1e-05 1e-05 1e-05 0.984529 0.001413 1e-05 1e-05 0.009661 0.004338
1e-05 1e-05 1e-05 1e-05 0.992839 1e-05 1e-05 1.5e-05 0.003985 0.003102
1e-05 0.003295 1e-05 1e-05 0.988518 1e-05 1e-05 1e-05 1e-05 0.008116
1e-05 0.000871 1e-05 1e-05 0.979624 1e-05 0.00532 0.002344 0.004932 0.006869
1e-05 0.004424 0.002852 0.006254 0.978978 0.005615 1e-05 1e-05 1e-05 0.001836
1e-05 1e-05 0.006202 1e-05 0.986031 1e-05 1e-05 1e-05 0.005437 0.00227
1e-05 1e-05 1e-05 1e-05 0.99991 1e-05 1e-05 1e-05 1e-05 1e-05
1e-05 1e-05 1e-05 1e-05 0.991393 1e-05 1e-05 1e-05 1e-05 0.008527
1e-05 1e-05 1e-05 1e-05 0.989621 1e-05 1e-05 1e-05 1e-05 0.010299
1e-05 1e-05 1e-05 1e-05 0.986147 1e-05 1e-05 0.003179 1e-05 0.010603
1e-05 1e-05 0.009091 1e-05 0.985824 0.005015 1e-05 1e-05 1e-05 1e-05
1e-05 1e-05 0.013315 0.006967 0.976106 1e-05 1e-05 1e-05 1e-05 0.003553
1e-05 1e-05 1e-05 1e-05 0.99991 1e-05 1e-05 1e-05 1e-05 1e-05
1e-05 1e-05 1e-05 1e-05 0.99991 1e-05 1e-05 1e-05 1e-05 1e-05
1e-05 1e-05 0.016589 1e-05 0.968136 0.01269 1e-05 1e-05 6e-04 0.001935
1e-05 1e-05 0.00674 1e-05 0.95494 7.9e-05 0.025377 1e-05 1e-05 0.012814
1e-05 0.005655 1e-05 0.000547 0.99182 0.001919 1e-05 1e-05 1e-05 1e-05
1e-05 1e-05 0.668272 1e-05 0.216905 0.019202 0.074612 1e-05 1e-05 0.020959
1e-05 0.001882 0.679649 1e-05 0.264246 0.033861 1e-05 1e-05 1e-05 0.020312
0.008182 1e-05 0.639236 1e-05 0.201633 0.022568 0.122009 1e-05 1e-05 0.006333
1e-05 1e-05 0.71073 1e-05 0.121011 0.020657 0.144193 1e-05 1e-05 0.003359
0.001716 1e-05 0.648555 0.010598 0.161522 0.007039 0.152051 0.008556 0.009943 1e-05
0.000946 1e-05 0.657101 1e-05 0.140653 0.052577 0.148673 1e-05 1e-05 1e-05
1e-05 1e-05 0.731896 1e-05 0.059474 0.002893 0.19433 0.009566 1e-05 0.001802
1e-05 0.010737 0.728191 1e-05 0.065758 0.017485 0.177779 1e-05 1e-05 1e-05
0.009604 1e-05 0.716539 1e-05 0.041838 0.017119 0.202353 0.007922 1e-05 0.004595
1e-05 1e-05 0.74034 1e-05 0.045722 0.02475 0.176966 0.00611 0.006073 1e-05
1e-05 1e-05 0.687285 1e-05 0.091569 0.034111 0.181674 0.005311 1e-05 1e-05
1e-05 0.001819 0.697628 1e-05 0.098 0.007533 0.183601 1e-05 1e-05 0.011379
1e-05 1e-05 0.70051 1e-05 0.095598 0.028684 0.161066 1e-05 1e-05 0.014091
1e-05 0.011288 0.693112 0.012085 0.109941 0.030633 0.135318 1e-05 1e-05 0.007594
1e-05 1e-05 0.677808 1e-05 0.106339 0.041659 0.173605 1e-05 1e-05 0.000538
0.007873 0.006238 0.382458 0.020412 1e-05 1e-05 0.556417 0.017219 0.000121 0.009242
1e-05 0.018736 0.325096 0.019109 0.032525 1e-05 0.57881 0.006346 0.014506 0.004852
1e-05 0.007738 0.331065 0.017871 0.022983 1e-05 0.601986 0.016872 0.000297 0.001168
1e-05 0.029224 0.408195 1e-05 0.003801 1e-05 0.516502 1e-05 0.040214 0.002025
1e-05 0.042299 0.231325 0.005128 0.006517 0.267688 0.215379 0.012423 0.219221 1e-05
1e-05 1e-05 1e-05 1e-05 0.99991 1e-05 1e-05 1e-05 1e-05 1e-05
1e-05 0.005659 0.056332 1e-05 0.923308 1e-05 0.004895 0.005071 1e-05 0.004695
1e-05 1e-05 0.66065 1e-05 0.241948 0.054139 0.043202 1e-05 1e-05 1e-05
0.004949 1e-05 0.645633 1e-05 0.292567 0.031797 0.01526 1e-05 1e-05 0.009754
1e-05 1e-05 0.717111 1e-05 0.094157 0.022824 0.165848 1e-05 1e-05 1e-05
1e-05 1e-05 0.702413 1e-05 0.141815 0.048645 0.106134 1e-05 1e-05 0.000943
1e-05 0.011664 0.656442 1e-05 0.148322 0.00634 0.168362 1e-05 1e-05 0.00883
1e-05 1e-05 0.642274 1e-05 0.214435 0.038748 0.10376 1e-05 0.000732 1e-05
1e-05 0.006852 0.724212 0.004802 0.04599 0.003557 0.198116 0.014953 1e-05 0.001497
0.022206 1e-05 0.731493 1e-05 0.048952 0.044719 0.15258 1e-05 1e-05 1e-05
0.00799 0.000765 0.725682 1e-05 0.045178 0.013078 0.202356 1e-05 1e-05 0.004922
1e-05 0.00755 0.663978 1e-05 0.093761 0.016679 0.217012 1e-05 1e-05 0.000981
1e-05 1e-05 0.708176 1e-05 0.099513 0.036061 0.150115 1e-05 1e-05 0.006086
0.004991 1e-05 0.702399 1e-05 0.079581 0.041607 0.171373 1e-05 1e-05 1e-05
0.023677 0.004475 0.410354 1e-05 0.004715 1e-05 0.505854 0.032156 0.018602 0.000146
1e-05 1e-05 1e-05 0.003435 0.986137 1e-05 1e-05 0.000302 0.007945 0.002131
1e-05 1e-05 1e-05 0.003672 0.985273 0.003926 0.005652 1e-05 0.001428 1e-05
1e-05 1e-05 1e-05 1e-05 0.980098 1e-05 0.007014 1e-05 0.001744 0.011084
0.001144 1e-05 0.00336 1e-05 0.987135 1e-05 0.005309 1e-05 0.003002 1e-05
1e-05 1e-05 0.009818 1e-05 0.984319 1e-05 0.004648 1e-05 0.001155 1e-05
1e-05 1e-05 1e-05 1e-05 0.999908 1e-05 1e-05 1e-05 1.2e-05 1e-05
1e-05 1e-05 1e-05 0.001722 0.997615 1e-05 1e-05 1e-05 1e-05 0.000593
1e-05 1e-05 0.007682 1e-05 0.954622 1e-05 0.015226 1e-05 0.001133 0.021287
1e-05 1e-05 0.698461 1e-05 0.272359 0.02911 1e-05 1e-05 1e-05 1e-05
1e-05 1e-05 0.676341 1e-05 0.24901 0.046749 0.009791 1e-05 1e-05 0.01806
1e-05 1e-05 0.636724 1e-05 0.269358 0.057617 0.036242 1e-05 1e-05 1e-05
1e-05 3.8e-05 0.664671 1e-05 0.097807 0.037337 0.17256 0.00718 0.007538 0.012849
1e-05 0.026565 0.704778 1e-05 0.115581 1e-05 0.130345 0.00091 1e-05 0.02178
1e-05 0.01423 0.658463 1e-05 0.129165 0.03102 0.163033 1e-05 1e-05 0.00405
1e-05 0.008651 0.725723 1e-05 0.054172 0.018481 0.184971 0.00076 1e-05 0.007211
1e-05 1e-05 0.751008 0.005721 0.039496 0.032203 0.155224 1e-05 1e-05 0.016307
0.006739 1e-05 0.725546 0.01565 0.037469 0.035943 0.178613 1e-05 1e-05 1e-05
0.00062 1e-05 0.720045 1e-05 0.057023 0.025702 0.192749 0.001988 1e-05 0.001844
0.002624 1e-05 0.682258 1e-05 0.11576 0.007363 0.168798 0.00818 1e-05 0.014986
1e-05 1.5e-05 0.725547 1e-05 0.099049 0.012394 0.146895 0.016061 1e-05 1e-05
1e-05 1e-05 1e-05 0.003144 0.995011 1e-05 1e-05 0.001775 1e-05 1e-05
1e-05 0.001238 1e-05 1e-05 0.983392 1e-05 0.004909 1e-05 1e-05 0.010402
1e-05 0.007381 1e-05 1e-05 0.980659 1e-05 0.005637 1e-05 1e-05 0.006263
1e-05 1e-05 0.010916 1e-05 0.971773 1e-05 1e-05 1e-05 0.010815 0.006436
1e-05 1e-05 0.005551 1e-05 0.983827 0.008334 1e-05 0.002228 1e-05 1e-05
1e-05 1e-05 1e-05 1e-05 0.99991 1e-05 1e-05 1e-05 1e-05 1e-05
1e-05 1e-05 1e-05 1e-05 0.99991 1e-05 1e-05 1e-05 1e-05 1e-05
1e-05 1e-05 0.021111 1e-05 0.952248 1.5e-05 1e-05 0.005667 1e-05 0.02091
1e-05 1e-05 0.683969 1e-05 0.239633 0.056825 0.002916 1e-05 1e-05 0.016607
1e-05 1e-05 0.670523 0.000333 0.256404 0.035241 0.022567 1e-05 1e-05 0.014891
0.014339 1e-05 0.671589 1e-05 0.272733 0.025847 1e-05 1e-05 1e-05 0.015441
0.019145 1e-05 0.656418 1e-05 0.129401 0.024001 0.157756 1e-05 1e-05 0.013239
1e-05 1e-05 0.653271 1e-05 0.133193 0.032849 0.171265 1e-05 0.008814 0.000569
0.008761 0.0022 0.675506 1e-05 0.125648 0.022437 0.15702 1e-05 1e-05 0.008398
1e-05 1e-05 0.719972 1e-05 0.12475 0.040189 0.107638 1e-05 1e-05 0.007402
0.004134 0.003174 0.709998 1e-05 0.066606 0.004896 0.204724 1e-05 1e-05 0.006438
1e-05 1e-05 0.700573 1e-05 0.068788 1e-05 0.208425 1e-05 0.022154 1e-05
1e-05 1e-05 0.730332 0.00243 0.059558 0.030793 0.176837 1e-05 1e-05 1e-05
1e-05 1e-05 0.689845 1e-05 0.106507 0.026059 0.156719 0.004276 1e-05 0.016554
1e-05 1e-05 1e-05 0.003076 0.990478 1e-05 1e-05 1e-05 0.001127 0.005258
1e-05 1e-05 1e-05 1e-05 0.986873 1e-05 1e-05 0.004658 1e-05 0.008399
1e-05 1e-05 1e-05 1e-05 0.989144 1e-05 1e-05 0.004952 1e-05 0.005834
1e-05 1e-05 1e-05 1e-05 0.968757 1e-05 0.015166 1e-05 1e-05 0.016007
1e-05 1e-05 0.016808 1e-05 0.974406 1e-05 1e-05 0.008714 1e-05 1.2e-05
1e-05 1e-05 0.00838 0.008405 0.980675 1e-05 1e-05 1e-05 1e-05 0.00248
1e-05 1e-05 1e-05 1e-05 0.99991 1e-05 1e-05 1e-05 1e-05 1e-05
1e-05 1e-05 0.020647 1e-05 0.941974 0.011238 0.006474 1e-05 1e-05 0.019617
1e-05 1e-05 1e-05 1e-05 0.99991 1e-05 1e-05 1e-05 1e-05 1e-05
0.011055 1e-05 0.005548 1e-05 0.97057 0.003685 1e-05 1e-05 0.00488 0.004222
1e-05 0.002245 0.015064 1e-05 0.943262 0.008982 0.012602 0.000672 0.000405 0.016748
1e-05 1e-05 0.696924 1e-05 0.227399 0.027932 1e-05 0.023789 1e-05 0.023906
1e-05 1e-05 0.651268 1e-05 0.251947 0.036785 0.042548 1e-05 1e-05 0.017402
1e-05 0.000443 0.663836 6.5e-05 0.272546 0.044076 0.010439 1e-05 1e-05 0.008563
0.006724 1e-05 0.671376 1e-05 0.120972 0.026907 0.172409 1e-05 1e-05 0.001572
1e-05 1e-05 0.635851 1e-05 0.183974 0.017286 0.146652 1e-05 1e-05 0.016187
1e-05 1e-05 0.685743 1e-05 0.169817 0.025631 0.099807 0.006875 1e-05 0.012088
1e-05 1e-05 0.733143 1e-05 0.095441 0.038137 0.129118 1e-05 1e-05 0.00411
1e-05 1e-05 0.747723 1e-05 0.040621 0.018824 0.176758 1e-05 1e-05 0.016024
1e-05 0.011501 0.723045 1e-05 0.050537 1e-05 0.214237 1e-05 0.00063 1e-05
1e-05 0.012441 0.740917 1e-05 0.032419 0.016172 0.177362 0.00588 0.00322 0.01157
0.004474 1e-05 0.68613 1e-05 0.09988 0.01498 0.193193 1e-05 1e-05 0.001302
1e-05 0.004545 0.688622 1e-05 0.105484 0.024455 0.161074 1e-05 1e-05 0.015779
1e-05 1e-05 0.002321 1e-05 0.992753 1e-05 1e-05 1e-05 1e-05 0.004856
1e-05 1e-05 1e-05 1e-05 0.995712 1e-05 1e-05 1e-05 1e-05 0.004208
1e-05 1e-05 1e-05 1e-05 0.990044 1e-05 0.000908 0.007425 1e-05 0.001563
1e-05 1e-05 0.008991 1e-05 0.986642 1e-05 1.1e-05 1e-05 1e-05 0.004297
1e-05 1e-05 1e-05 1e-05 0.99991 1e-05 1e-05 1e-05 1e-05 1e-05
1e-05 1e-05 1e-05 1e-05 0.99991 1e-05 1e-05 1e-05 1e-05 1e-05
1e-05 1e-05 1e-05 1e-05 0.99991 1e-05 1e-05 1e-05 1e-05 1e-05
1e-05 1e-05 0.08881 1e-05 0.87527 0.011351 1.9e-05 0.008842 0.005983 0.009695
1e-05 1e-05 1e-05 0.000593 0.988122 1e-05 0.00335 0.007867 1e-05 1.9e-05
1e-05 1e-05 0.631555 1e-05 0.27505 0.042467 0.037393 1e-05 1e-05 0.013485
1e-05 1e-05 0.647168 1e-05 0.269211 0.026383 0.048673 1e-05 1e-05 0.008514
1e-05 1e-05 0.668237 1e-05 0.265062 0.044214 0.008663 1e-05 1e-05 0.013775
1e-05 1e-05 0.711604 1e-05 0.095169 0.038093 0.136805 1e-05 1e-05 0.01828
1e-05 1e-05 0.671655 0.008552 0.118745 0.027145 0.168041 0.000789 1e-05 0.005042
0.003988 1e-05 0.68288 1e-05 0.129228 0.041034 0.137759 1e-05 1.2e-05 0.005068
1e-05 1e-05 0.71982 1e-05 0.102735 0.038213 0.139173 1e-05 1e-05 1e-05
0.007574 1e-05 0.71654 1e-05 0.032877 0.034788 0.196402 1e-05 0.008113 0.003676
0.000428 0.00705 0.72844 1e-05 0.041167 0.018182 0.196688 1e-05 0.008015 1e-05
1e-05 1e-05 0.714678 0.003496 0.069309 0.030099 0.177806 1e-05 1e-05 0.004573
1e-05 0.000815 0.724414 1e-05 0.037207 0.02411 0.203587 1e-05 1e-05 0.009827
1e-05 1e-05 0.67131 0.002684 0.146096 1e-05 0.156208 1e-05 0.010905 0.012757
1e-05 1e-05 0.581422 1e-05 0.21156 0.032742 0.169378 1e-05 0.003585 0.001274
1e-05 1e-05 1e-05 1e-05 0.999909 1e-05 1e-05 1e-05 1.1e-05 1e-05
0.004918 1e-05 1e-05 1e-05 0.986069 1e-05 1e-05 1e-05 0.001271 0.007682
1e-05 1e-05 1e-05 1e-05 0.992502 1e-05 1e-05 1e-05 1e-05 0.007418
1e-05 1e-05 1e-05 0.006702 0.972903 1e-05 0.013581 1e-05 1e-05 0.006754
1e-05 0.005023 0.000707 1e-05 0.99149 1e-05 1e-05 0.00072 1e-05 0.002009
1e-05 1e-05 0.00983 1e-05 0.978764 0.004317 1e-05 1e-05 0.007028 1e-05
1e-05 1e-05 1e-05 1e-05 0.99991 1e-05 1e-05 1e-05 1e-05 1e-05
1e-05 1e-05 0.083164 1e-05 0.878786 0.017414 0.018605 1e-05 1e-05 0.001981
1e-05 1e-05 1e-05 1e-05 0.992897 0.005506 0.000688 1e-05 0.000789 7.1e-05
1e-05 1e-05 0.629682 1e-05 0.301051 0.03654 0.023452 1e-05 0.000533 0.008701
1e-05 1e-05 0.662445 1e-05 0.246862 0.036905 0.043735 1e-05 1e-05 0.010003
1e-05 1e-05 0.67214 1.3e-05 0.137123 0.015754 0.144799 1e-05 1e-05 0.030131
0.005404 1e-05 0.626513 1e-05 0.195814 0.028655 0.131281 1e-05 1e-05 0.012292
1e-05 1e-05 0.723471 0.01166 0.111074 0.025263 0.115489 0.002282 1e-05 0.01073
1e-05 0.016327 0.745172 1e-05 0.06027 0.002224 0.159718 1e-05 1e-05 0.01625
1e-05 1e-05 0.719868 1e-05 0.047044 0.0398 0.185857 0.007381 1e-05 1e-05
1e-05 1e-05 0.723975 1e-05 0.05413 0.022261 0.187835 1e-05 0.006584 0.005175
1e-05 1e-05 0.731711 1e-05 0.051274 1e-05 0.18996 0.015423 1e-05 0.011582
0.012053 1e-05 0.693693 1e-05 0.09255 0.043706 0.155485 1e-05 1e-05 0.002473
1e-05 1e-05 1e-05 0.001345 0.988892 1e-05 1e-05 1e-05 1e-05 0.009694
1e-05 1e-05 1e-05 0.00465 0.984776 0.001791 0.00021 1e-05 1e-05 0.008524
0.008146 1e-05 1e-05 0.001471 0.982607 1.4e-05 1e-05 0.000159 1e-05 0.007562
1e-05 1e-05 1e-05 0.000786 0.971679 0.00615 1e-05 0.004463 0.003719 0.013162
0.000358 1e-05 0.008352 1e-05 0.981299 1e-05 1e-05 0.003647 1e-05 0.006295
1e-05 1e-05 1e-05 1e-05 0.999906 1.4e-05 1e-05 1e-05 1e-05 1e-05
1e-05 1e-05 0.008814 1e-05 0.984677 1e-05 0.001431 0.005019 1e-05 1e-05
1e-05 0.002517 0.645071 1e-05 0.292052 0.051738 0.006238 1e-05 1e-05 0.002344
1e-05 1e-05 0.683191 1e-05 0.12675 0.042337 0.141128 1e-05 1e-05 0.006543
1e-05 1e-05 0.714884 1e-05 0.130377 0.00573 0.145277 0.003681 1e-05 1e-05
1e-05 1e-05 0.704127 1e-05 0.118044 0.033148 0.144621 1e-05 1e-05 1e-05
1e-05 1e-05 0.687028 1e-05 0.121008 0.033129 0.153357 0.005428 1e-05 1e-05
0.000334 0.012263 0.692632 1e-05 0.101502 0.033046 0.159125 1e-05 1e-05 0.001067
1e-05 0.012492 0.719386 1e-05 0.05782 0.001199 0.206839 0.002224 1e-05 1e-05
1e-05 0.009646 0.716017 1e-05 0.056582 0.025251 0.187407 1e-05 1e-05 0.005058
1e-05 1e-05 0.673277 1e-05 0.114372 0.030221 0.175183 1.5e-05 0.00689 1.3e-05
0.001442 0.00144 1e-05 1e-05 0.991855 1e-05 1e-05 1e-05 0.005203 1e-05
0.006391 1e-05 1e-05 1e-05 0.989159 1e-05 1e-05 1e-05 1e-05 0.004381
1e-05 1e-05 0.003758 1e-05 0.988643 1e-05 1e-05 1e-05 1e-05 0.007528
1e-05 1e-05 0.019604 1e-05 0.967151 1e-05 0.005476 1e-05 0.007709 1e-05
1e-05 1e-05 1.1e-05 1e-05 0.999909 1e-05 1e-05 1e-05 1e-05 1e-05
1e-05 1e-05 0.692886 1e-05 0.098833 0.020326 0.179618 1e-05 1e-05 0.008288
1e-05 1e-05 0.716175 0.005305 0.066298 1e-05 0.207257 0.003429 1e-05 0.001496
1e-05 1e-05 0.682148 0.008079 0.093175 0.025823 0.190726 1e-05 1e-05 1e-05
1e-05 0.01352 0.725872 0.001101 0.055845 1e-05 0.189752 0.002816 1e-05 0.011064
1e-05 0.015079 0.738018 1e-05 0.049736 0.027397 0.167451 1e-05 1e-05 0.002279
1e-05 0.011087 0.691088 0.008995 0.106551 0.006606 0.170249 1.4e-05 1e-05 0.005389
1e-05 0.000881 0.71139 1e-05 0.103166 0.031929 0.137534 1e-05 0.015061 1e-05
0.010468 1e-05 0.691494 0.000128 0.094638 0.035711 0.148834 1e-05 0.001075 0.017632
0.000734 0.007222 0.66856 1e-05 0.096748 0.031646 0.195049 1e-05 1.2e-05 1e-05
0.010088 0.019645 0.386484 0.006766 0.020699 0.014778 0.523537 1e-05 1e-05 0.017985
1e-05 0.014877 0.391723 0.02615 0.002363 1e-05 0.546545 1e-05 0.010122 0.008191
1e-05 1e-05 0.388458 0.02845 0.023956 1e-05 0.536236 4.5e-05 0.006056 0.016769
1e-05 1e-05 0.388129 0.029942 0.016897 1e-05 0.544362 0.011884 0.003126 0.00563
0.02132 1e-05 0.35185 0.001157 0.032138 1e-05 0.565921 0.001458 0.019387 0.006748
1e-05 1e-05 1e-05 1e-05 0.997502 1e-05 1e-05 1e-05 1e-05 0.002418
1e-05 1e-05 1e-05 1e-05 0.991885 1e-05 1e-05 1e-05 0.006619 0.001427
1e-05 1e-05 1e-05 0.000382 0.974975 0.006925 0.006154 1e-05 0.000923 0.010601
1e-05 1e-05 0.004571 1e-05 0.983914 1e-05 0.003682 0.007774 1e-05 1e-05
1e-05 0.00107 0.005613 1e-05 0.983563 1e-05 0.009694 1e-05 1e-05 1e-05
1e-05 1e-05 1e-05 1e-05 0.99991 1e-05 1e-05 1e-05 1e-05 1e-05
1e-05 1e-05 1e-05 1e-05 0.99991 1e-05 1e-05 1e-05 1e-05 1e-05
1e-05 1e-05 0.707663 1e-05 0.098462 0.037084 0.153394 0.003348 1e-05 1e-05
0.011014 1e-05 0.660143 1e-05 0.106751 0.019295 0.198549 0.003373 1e-05 0.000845
1e-05 1e-05 0.740233 1e-05 0.067934 0.044677 0.147096 1e-05 1e-05 1e-05
0.014136 1e-05 0.729928 1e-05 0.061582 0.031973 0.157394 1e-05 1e-05 0.004947
1e-05 1e-05 0.735765 0.015129 0.044626 0.004392 0.200039 1e-05 1e-05 1e-05
0.005248 0.00099 0.733582 1e-05 0.029935 0.009332 0.206696 1e-05 1e-05 0.014186
0.005044 1e-05 0.683527 1e-05 0.09918 0.033179 0.174176 1e-05 1e-05 0.004854
0.003781 1e-05 0.699662 1e-05 0.086398 0.021123 0.169546 1e-05 0.013006 0.006455
1e-05 0.002119 0.640032 1e-05 0.184466 0.039496 0.118619 1e-05 1e-05 0.015228
1e-05 0.026242 0.380623 1e-05 0.029335 1e-05 0.535607 0.000147 0.028007 1e-05
0.006301 1e-05 0.436648 0.010079 0.01109 1e-05 0.496408 0.031466 0.007977 1e-05
1e-05 0.012131 0.24767 0.009078 1e-05 0.257595 0.205886 0.034647 0.232962 1e-05
1e-05 0.00117 1e-05 1e-05 0.975568 0.001054 0.007143 0.002299 1e-05 0.012726
1e-05 1e-05 1e-05 0.000663 0.989636 1e-05 1.4e-05 0.002393 1e-05 0.007244
1e-05 1e-05 0.010888 0.007149 0.981893 1e-05 1e-05 1e-05 1e-05 1e-05
1e-05 1e-05 1e-05 1e-05 0.999909 1e-05 1e-05 1e-05 1e-05 1.1e-05
0.013795 1e-05 0.686694 1e-05 0.113786 0.014954 0.144782 1e-05 1e-05 0.025949
1e-05 1e-05 0.710736 1e-05 0.102194 0.031253 0.155757 1e-05 1e-05 1e-05
1e-05 1e-05 0.725565 0.016903 0.05033 0.020327 0.181639 1e-05 1e-05 0.005196
0.004128 1e-05 0.739159 0.010412 0.042605 0.015821 0.166724 1e-05 0.012135 0.008996
0.003109 0.013551 0.740768 1e-05 0.035611 0.033872 0.173048 1e-05 1e-05 1e-05
1e-05 1e-05 0.666468 1e-05 0.156727 0.028627 0.148119 1e-05 1e-05 1e-05
1e-05 1e-05 0.737039 1e-05 0.055272 0.006396 0.174423 0.013034 0.00203 0.011776
1e-05 1e-05 0.643161 1e-05 0.141584 0.020823 0.193014 0.001368 1e-05 1e-05
0.020422 1e-05 0.4023 0.019774 1e-05 0.003755 0.544734 0.008975 1e-05 1e-05
1e-05 0.011762 0.366432 0.023425 0.019169 1e-05 0.560493 0.018679 1e-05 1e-05
0.02239 0.004387 0.293389 0.01017 0.004385 0.00669 0.62679 1e-05 0.020859 0.01093
1e-05 1e-05 0.398369 0.032464 0.05437 1e-05 0.500182 0.012826 0.001662 9.8e-05
1e-05 0.022406 0.300883 0.016468 1e-05 0.197594 0.256528 0.003035 0.203057 1e-05
1e-05 0.003701 0.654099 1e-05 0.128542 0.038895 0.160024 0.014699 1e-05 1e-05
1e-05 0.002125 1e-05 1e-05 0.988261 0.00045 1e-05 1e-05 1e-05 0.009103
1e-05 1e-05 0.003588 0.005251 0.985736 0.000565 0.00481 1e-05 1e-05 1e-05
1e-05 1e-05 1e-05 1e-05 0.99991 1e-05 1e-05 1e-05 1e-05 1e-05
1e-05 1e-05 1e-05 1e-05 0.992225 1e-05 1e-05 1e-05 0.007695 1e-05
1e-05 0.005297 0.635526 1e-05 0.26787 0.031585 0.039021 1e-05 1e-05 0.020661
1e-05 1e-05 0.58554 1e-05 0.340735 0.018865 0.027642 0.012811 0.011689 0.002688
1e-05 1e-05 0.730636 1e-05 0.089741 0.014717 0.164847 1e-05 1e-05 1e-05
1e-05 1e-05 0.666037 1e-05 0.1464 0.032944 0.147619 0.006949 1e-05 1e-05
0.001909 1e-05 0.733177 1e-05 0.048576 0.017321 0.174194 1e-05 0.018217 0.006576
1e-05 0.006186 0.730888 1e-05 0.047944 0.039317 0.159185 1e-05 1e-05 0.016441
1e-05 0.006475 0.734398 1e-05 0.06711 1e-05 0.172479 1e-05 0.005342 0.014156
1e-05 0.025633 0.672978 0.001418 0.099924 0.007434 0.171452 0.007995 0.010777 0.00238
1e-05 1e-05 0.656178 1e-05 0.147162 0.028314 0.157432 0.010864 1e-05 1e-05
1e-05 0.010359 0.383825 0.007302 0.021503 1e-05 0.563678 0.010177 0.003127 1e-05
1e-05 1e-05 0.304387 0.02694 0.050868 1e-05 0.595861 1e-05 0.021893 1e-05
1e-05 1e-05 0.394253 0.041801 0.022184 1e-05 0.529947 0.004193 0.000773 0.006818
0.008197 1e-05 0.401387 0.036402 0.019889 1e-05 0.5335 0.000585 1e-05 1e-05
1e-05 0.01518 0.669659 1e-05 0.114825 0.023551 0.164264 1e-05 1e-05 0.012482
1e-05 0.006203 0.711747 1e-05 0.090539 0.015921 0.156407 1e-05 1e-05 0.019142
1e-05 1e-05 0.646373 1e-05 0.175489 0.028202 0.147099 0.002788 1e-05 1e-05
0.015325 0.006327 0.371587 1e-05 0.020854 0.002014 0.549754 0.005893 0.005084 0.023154
0.026922 1e-05 0.415733 1e-05 0.009918 1e-05 0.510443 0.030069 0.006875 1e-05
1e-05 1e-05 0.447458 0.025373 0.022744 1e-05 0.493299 0.003116 0.00797 1e-05
1e-05 1e-05 0.40892 0.066036 0.017105 1e-05 0.507878 1e-05 1e-05 1e-05
1e-05 0.01867 0.291466 1e-05 1e-05 0.261897 0.191318 0.047071 0.170196 0.019352
0.006155 1e-05 0.280736 0.005692 1e-05 0.239142 0.243931 0.053149 0.170411 0.000765
1e-05 0.00972 0.415963 0.02117 0.032398 1e-05 0.518397 1e-05 0.002311 1e-05
0.024902 1e-05 0.443296 1e-05 0.040102 1e-05 0.484217 0.007433 1e-05 1e-05
0.020504 1e-05 0.255342 0.027424 0.060516 1e-05 0.622617 1e-05 0.006763 0.006804
1e-05 1e-05 0.285812 0.036057 1e-05 1e-05 0.607975 0.028231 0.011128 0.030757
1e-05 1e-05 0.276675 0.041594 6.6e-05 0.011686 0.620443 0.025211 0.012868 0.011437
0.008519 0.004911 0.32517 0.030452 1e-05 1e-05 0.558231 0.020069 0.03303 0.019599
0.004918 0.020032 0.359177 0.004673 0.022598 1e-05 0.539276 0.006701 0.027443 0.015171
1e-05 1e-05 0.339551 0.022793 1e-05 1e-05 0.547851 0.059883 0.012983 0.016899
0.00946 0.017705 0.272653 1e-05 1e-05 0.051262 0.543928 0.040311 0.057954 0.006707
0.002127 1e-05 0.289137 0.049177 1e-05 0.034261 0.537475 0.014932 0.047782 0.025089
1e-05 1e-05 1e-05 1e-05 1e-05 0.937824 1e-05 1e-05 0.060687 0.001419
1e-05 1e-05 1e-05 1e-05 1e-05 0.822512 0.013335 1e-05 0.161095 0.002998
0.006095 1e-05 1e-05 1e-05 1e-05 0.951868 0.007315 1e-05 0.030848 0.003823
1e-05 0.005852 0.006978 1e-05 0.008829 0.807486 0.009406 1e-05 0.155118 0.006301
1e-05 1e-05 0.679453 0.001009 0.116149 0.025974 0.173703 1e-05 1e-05 0.003672
1e-05 0.004694 0.68738 1e-05 0.113952 0.027094 0.160189 0.006652 1e-05 1e-05
0.003548 1e-05 0.681376 1e-05 0.100479 0.040523 0.163565 1e-05 1e-05 0.010469
1e-05 0.023377 0.379938 0.020973 0.034838 1e-05 0.501762 1e-05 0.038094 0.000988
0.016908 1e-05 0.403536 0.027197 0.042305 1e-05 0.49095 1e-05 0.019064 1e-05
1e-05 1e-05 0.400413 0.028542 0.010632 1e-05 0.535208 0.016466 1e-05 0.008699
0.003552 0.014389 0.32789 1e-05 0.031508 1e-05 0.599712 0.0204 0.002519 1e-05
1e-05 1e-05 0.280621 0.021368 0.007611 0.243716 0.19254 0.035946 0.218168 1e-05
1e-05 1e-05 0.431119 0.014967 0.01805 1e-05 0.528586 1e-05 0.007228 1e-05
1e-05 1e-05 0.432486 0.02092 0.053734 1e-05 0.47577 1e-05 0.017039 1e-05
1e-05 1e-05 0.240548 0.014961 0.048354 0.003349 0.619777 0.050526 0.005029 0.017437
0.02074 1e-05 0.2758 0.033784 1e-05 0.009123 0.623964 1e-05 0.015929 0.02063
0.029325 1e-05 0.374092 1e-05 0.00268 0.003686 0.521879 0.02709 0.024139 0.017089
1e-05 1e-05 0.246226 0.015754 0.028578 0.009875 0.628494 0.022651 0.034917 0.013485
0.017321 0.028074 0.322718 0.005766 0.015988 1e-05 0.553941 0.001053 0.048712 0.006417
0.000185 1e-05 0.354294 0.048961 0.009448 1e-05 0.545776 0.031576 0.00973 1e-05
0.029909 1e-05 0.231729 0.019386 0.00786 0.071095 0.555873 0.046074 0.02291 0.015155
1e-05 1e-05 0.282436 0.031049 0.006335 0.068654 0.504576 0.031891 0.068144 0.006895
1e-05 0.006454 1e-05 1e-05 1e-05 0.934907 1e-05 1e-05 0.058569 1e-05
1e-05 1e-05 1e-05 1e-05 1e-05 0.918646 1e-05 0.009621 0.071664 1e-05
1e-05 1e-05 1e-05 1e-05 1e-05 0.95929 1e-05 0.013012 1e-05 0.027628
1e-05 1e-05 0.012194 1e-05 1e-05 0.804881 0.00408 1e-05 0.178786 1e-05
1e-05 1e-05 0.659427 0.00896 0.14244 0.007085 0.182038 1e-05 1e-05 1e-05
1e-05 1e-05 0.678294 0.016715 0.098383 0.023007 0.168886 0.002835 1e-05 0.01185
1e-05 1e-05 0.698412 1e-05 0.096614 0.022581 0.167945 1e-05 1e-05 0.014398
1e-05 0.011609 0.371904 0.009996 0.056814 1e-05 0.514028 1e-05 0.012673 0.022946
0.020413 1e-05 0.386527 0.006939 0.015696 1e-05 0.54919 0.014509 0.002351 0.004355
1e-05 0.030083 0.40923 1e-05 0.016954 0.012987 0.454302 0.007839 0.036211 0.032375
1e-05 1e-05 0.334949 0.019407 0.018897 0.001435 0.578433 0.009586 0.022168 0.015105
0.013321 1e-05 0.25624 0.019936 0.018162 0.237281 0.19116 2.6e-05 0.251986 0.011879
0.018047 1e-05 0.24647 1e-05 1e-05 0.259398 0.21067 0.041234 0.222961 0.00119
1e-05 0.022585 0.389563 0.002976 0.092319 1e-05 0.468207 0.007122 0.0172 1e-05
1e-05 0.023082 0.271414 1e-05 0.092493 0.011095 0.579973 0.004458 0.012206 0.00526
1e-05 1e-05 0.224554 0.030537 0.006587 0.00573 0.686701 0.016674 0.013358 0.015838
1e-05 1e-05 0.305562 0.025958 1e-05 0.017442 0.608109 0.040684 0.002205 1e-05
0.028994 1e-05 0.418616 0.012587 0.010653 0.017214 0.448721 0.002759 0.044564 0.015882
0.020268 0.02187 0.220691 1e-05 1e-05 0.009317 0.670954 0.016019 0.024977 0.015883
0.0235 1e-05 0.390317 0.00595 0.02525 1e-05 0.532593 0.012565 1e-05 0.009794
0.001457 1e-05 0.349032 0.039773 0.003317 1e-05 0.548253 0.032852 0.012971 0.012327
0.017512 1e-05 0.332236 0.018332 0.006131 1e-05 0.566998 0.025384 0.033375 1.2e-05
1e-05 1e-05 0.276607 0.022179 0.002551 0.052043 0.551541 0.025084 0.046514 0.023461
0.00091 1e-05 0.276316 0.041568 0.008083 0.068495 0.51712 0.03535 0.041455 0.010692
1e-05 1e-05 1e-05 1e-05 1e-05 0.888458 1e-05 1e-05 0.111462 1e-05
1e-05 1e-05 1e-05 0.000488 1e-05 0.922144 1e-05 1e-05 0.077299 1e-05
0.000353 1e-05 1e-05 0.000305 1e-05 0.92367 1e-05 0.00052 0.075101 1e-05
1e-05 1e-05 0.010586 1e-05 1e-05 0.81328 0.001303 1e-05 0.174771 1e-05
1e-05 0.001585 0.687234 1e-05 0.113599 0.016002 0.168374 1e-05 1e-05 0.013165
0.006558 1e-05 0.397472 0.032383 0.066234 1e-05 0.48806 1e-05 0.001101 0.008162
1e-05 0.038641 0.136256 1e-05 1e-05 0.015342 0.722146 0.011978 0.049122 0.026484
0.00499 0.033283 0.329533 0.003471 0.020809 0.001311 0.572264 0.034318 1e-05 1e-05
1e-05 1e-05 0.273497 0.024098 0.005848 0.268267 0.234596 0.0305 0.15338 0.009794
1e-05 1e-05 0.704516 1e-05 0.086572 0.042347 0.15589 0.010624 1e-05 1e-05
0.003576 0.024555 0.25079 0.022269 0.0056 0.231411 0.203991 1e-05 0.240586 0.017213
1e-05 0.010444 0.400902 0.01667 0.025173 1.1e-05 0.510115 0.025136 1e-05 0.011529
1e-05 0.028899 0.24696 1e-05 0.015135 0.029923 0.655283 1e-05 0.018049 0.005721
0.01686 1e-05 0.250515 1e-05 0.001413 0.012319 0.665388 0.036978 0.008484 0.008023
0.036753 1e-05 0.323646 1e-05 1e-05 0.003298 0.57844 0.040994 0.008336 0.008502
0.000176 1e-05 0.358914 0.025198 0.007208 1e-05 0.537479 0.042488 0.023091 0.005427
0.001061 1e-05 0.344822 0.021683 1e-05 1e-05 0.594078 0.026804 0.011512 1e-05
0.004401 0.0163 0.333813 0.029178 0.010523 1e-05 0.555055 0.028928 0.019928 0.001864
0.013385 1e-05 0.329685 0.054787 0.018475 1e-05 0.570057 0.01058 0.003 1e-05
1e-05 0.025504 0.263963 0.012543 0.006067 0.067749 0.520577 0.035279 0.038762 0.029545
0.032515 1e-05 0.298056 1e-05 0.009558 0.056789 0.51563 0.007458 0.077143 0.002832
1e-05 1e-05 1e-05 1e-05 1e-05 0.864706 0.006121 1e-05 0.125776 0.003338
1e-05 1e-05 1e-05 1e-05 1e-05 0.971965 0.005187 1e-05 0.022769 1.9e-05
0.001288 0.000768 1e-05 0.005139 1e-05 0.932874 1e-05 1e-05 0.059878 1.3e-05
0.00228 0.002716 0.003622 1e-05 1e-05 0.824825 0.020386 1e-05 0.14613 1e-05
1e-05 1e-05 1e-05 1e-05 0.993009 0.006751 0.00015 1e-05 1e-05 3e-05
1e-05 1e-05 1e-05 1e-05 1e-05 0.939605 1e-05 1e-05 0.059507 0.000818
0.009621 1e-05 1e-05 0.013664 0.001151 0.836081 1e-05 1e-05 0.117627 0.021815
1e-05 1e-05 1e-05 1e-05 1e-05 0.929379 1e-05 1e-05 0.057725 0.012826
1e-05 0.017943 0.010417 1e-05 1e-05 0.58166 0.005079 0.012865 0.371997 1e-05
0.013272 1e-05 0.023869 0.016141 0.00482 0.742721 0.008623 1e-05 0.190524 1e-05
1e-05 1e-05 1e-05 1e-05 1e-05 0.487905 1e-05 0.076181 0.435844 1e-05
1e-05 1e-05 0.010897 0.011276 1e-05 0.697589 0.007137 0.002847 0.270214 1e-05
0.031593 1e-05 0.24831 1e-05 0.013064 0.311113 0.164821 0.033573 0.197497 1e-05
1e-05 1e-05 1e-05 1e-05 0.000443 0.907815 1e-05 1e-05 0.084354 0.007327
1e-05 1e-05 1e-05 0.012359 1e-05 0.881713 1e-05 1e-05 0.105858 1e-05
1e-05 0.008379 0.010015 0.017602 1e-05 0.564158 0.034778 0.015485 0.343218 0.006345
1e-05 0.013894 0.025829 0.019256 1e-05 0.630844 0.000854 1e-05 0.309283 1e-05
0.017971 1e-05 0.037364 1e-05 1e-05 0.655322 1.3e-05 0.011624 0.277002 0.000674
1e-05 1e-05 0.284676 0.039895 0.003208 0.299042 0.172507 0.042053 0.158588 1e-05
1e-05 1e-05 1e-05 1e-05 0.002168 0.883964 0.003463 1e-05 0.110344 1e-05
0.006047 1e-05 1e-05 1e-05 1e-05 0.824011 1e-05 1e-05 0.154048 0.015835
1e-05 1e-05 1e-05 0.003142 1e-05 0.902664 1e-05 1e-05 0.094123 1e-05
0.011085 1e-05 0.020227 1e-05 0.005209 0.585544 0.022217 0.019722 0.335965 1e-05
1e-05 0.010352 0.022939 1e-05 1e-05 0.665356 0.013815 0.011166 0.276332 1e-05
1e-05 1e-05 1e-05 0.007393 1e-05 0.705893 1e-05 0.042327 0.239668 0.004669
1e-05 1e-05 0.036481 0.019862 1e-05 0.620172 0.015129 0.02605 0.268182 0.014093
0.007227 1e-05 0.23805 0.023067 0.001886 0.336511 0.17116 1e-05 0.21724 0.004838
1e-05 1e-05 0.668612 0.005407 0.101404 0.023448 0.199313 1e-05 1e-05 0.001777
1e-05 1e-05 0.706811 1e-05 0.096681 0.00015 0.161559 1e-05 0.031824 0.002935
0.013575 0.001302 0.425491 1e-05 0.026586 1e-05 0.510478 0.016622 1e-05 0.005917
0.018372 0.005775 0.360316 0.013064 0.050918 1e-05 0.54144 0.003024 1e-05 0.007072
0.000295 0.017897 0.379417 0.018969 0.0081 1e-05 0.564227 0.008334 0.002739 1e-05
1e-05 1e-05 0.404969 0.02022 0.013747 1e-05 0.53939 0.015983 0.005651 1e-05
1e-05 0.020215 0.331012 1e-05 0.040416 1e-05 0.588458 0.014033 0.005826 1e-05
0.048285 0.002622 0.227057 1e-05 0.012646 0.281622 0.171154 0.001788 0.254807 1e-05
1e-05 1e-05 0.234037 0.013003 0.005068 0.266608 0.229784 0.04853 0.202384 0.000567
1e-05 0.011379 0.412265 0.017516 0.033173 1e-05 0.514036 1e-05 1e-05 0.01159
1e-05 1e-05 0.412739 0.014167 0.080905 1e-05 0.458494 0.007301 0.025327 0.001038
1e-05 0.021155 0.288119 0.031975 1e-05 1e-05 0.603156 0.004648 0.031397 0.019521
1e-05 0.013567 0.352078 0.023717 0.008837 0.002112 0.530398 0.022287 0.038645 0.00835
0.013132 1e-05 0.349287 0.026218 0.005037 1e-05 0.569599 0.025187 0.011511 1e-05
1e-05 1e-05 0.362254 0.044417 1e-05 1e-05 0.539813 0.036757 0.015404 0.001314
0.022216 1e-05 0.346157 0.017028 1e-05 1e-05 0.564441 0.024487 0.025631 1e-05
0.002196 1e-05 0.209693 0.029852 1e-05 0.058836 0.602039 0.004527 0.068541 0.024298
0.013185 1e-05 0.25657 0.02626 1e-05 0.059691 0.548146 0.035217 0.040822 0.02009
1e-05 1.6e-05 1e-05 1e-05 1e-05 0.885843 1e-05 0.004088 0.109993 1e-05
1e-05 0.005852 1e-05 1e-05 1e-05 0.984025 1e-05 0.000617 0.009446 1e-05
1e-05 1e-05 1e-05 1e-05 1e-05 0.875147 1e-05 1e-05 0.124773 1e-05
1e-05 1e-05 0.031883 1e-05 0.003888 0.779116 0.002063 1e-05 0.172313 0.010698
0.018872 1e-05 0.237003 0.017477 1e-05 0.266164 0.213083 0.011768 0.235602 1e-05
0.01701 1e-05 0.384443 0.012991 0.018814 0.149083 0.282809 0.032267 0.095005 0.007566
0.009046 0.024993 0.279803 1e-05 0.05415 0.008586 0.588079 0.002327 0.029577 0.003429
1e-05 0.000107 0.400547 0.044232 0.019024 1e-05 0.51603 0.005072 0.00853 0.006437
0.011613 0.029329 0.259064 0.018648 0.017924 0.00799 0.634291 1e-05 0.013409 0.007724
0.004569 0.011366 0.324386 0.020487 0.004572 1e-05 0.601956 0.026188 0.006457 1e-05
1e-05 0.008413 0.309456 0.018907 0.00736 0.01362 0.57408 0.024803 0.042008 0.001342
0.001841 0.016966 0.362434 0.017361 0.01397 1e-05 0.532531 0.009575 0.03868 0.006633
0.009201 1e-05 0.368775 0.023223 1e-05 1e-05 0.544356 0.018149 0.036256 1e-05
1e-05 1e-05 0.307612 0.054809 1e-05 1e-05 0.624534 0.012985 1e-05 1e-05
1e-04 1e-05 0.245543 0.04718 1e-05 0.065158 0.555468 0.027789 0.055452 0.00329
0.008543 1e-05 0.254559 0.031995 0.012333 0.056246 0.548219 0.020705 0.060188 0.007201
1e-05 1e-05 0.007561 0.005728 1e-05 0.879731 1e-05 1e-05 0.102658 0.004272
0.001154 1e-05 1e-05 1e-05 1e-05 0.921114 1e-05 1e-05 0.077661 1e-05
1e-05 1e-05 0.013339 1.8e-05 0.010938 0.804826 0.017099 0.008291 0.145459 1e-05
1e-05 1e-05 1e-05 0.002605 1.5e-05 0.919256 1e-05 1e-05 0.07031 0.007763
0.002848 1e-05 1e-05 0.003153 1e-05 0.739719 0.006665 1e-05 0.224273 0.023302
1e-05 1e-05 1e-05 1e-05 1e-05 0.928391 1e-05 0.015633 0.046404 0.009512
1e-05 1e-05 1e-05 1e-05 1e-05 0.43362 0.000933 0.051104 0.512385 0.001908
1e-05 0.014968 0.024309 0.004918 1e-05 0.590392 1e-05 0.010209 0.349444 0.005731
0.013528 1e-05 0.019373 1e-05 0.009533 0.667999 0.004064 0.01333 0.272143 1e-05
0.00425 0.031932 0.258529 1e-05 1.2e-05 0.284331 0.206662 0.036444 0.177819 1e-05
1e-05 0.044291 0.241629 1e-05 0.006988 0.250564 0.205712 0.051433 0.195717 0.003644
1e-05 0.014364 0.385586 1e-05 0.043236 1e-05 0.533145 0.017209 0.006419 1e-05
1e-05 0.019743 0.395014 0.016684 0.027172 1e-05 0.513403 0.010685 0.016533 0.000745
0.008805 1e-05 0.247801 0.024757 0.002253 0.031394 0.629242 0.031456 0.015097 0.009184
0.000538 0.012858 0.239662 0.019014 0.015409 0.020106 0.64013 0.003251 0.026935 0.022096
0.006087 0.051723 0.322279 1e-05 1e-05 1e-05 0.571671 1e-05 0.023854 0.024346
0.02621 0.020232 0.296882 0.01176 1e-05 0.000768 0.581869 0.006478 0.042908 0.012885
0.002398 1e-05 0.328308 0.018556 0.005447 1e-05 0.597275 0.041689 0.006296 1e-05
1e-05 1e-05 0.36749 0.040001 1e-05 1e-05 0.571543 1e-05 0.020134 0.000782
0.048338 1e-05 0.274646 1.4e-05 0.003181 0.054817 0.529569 0.039771 0.045752 0.003901
1e-05 1e-05 1e-05 0.010081 1e-05 0.854184 1e-05 0.004816 0.130448 0.000419
1e-05 1e-05 1e-05 1e-05 1e-05 0.940957 1e-05 1e-05 0.050946 0.008028
1e-05 1e-05 1e-05 1e-05 1e-05 0.956138 1e-05 0.019762 0.01981 0.00423
1e-05 1e-05 0.017972 0.014287 1e-05 0.799199 0.002092 1e-05 0.166399 1e-05
1e-05 1e-05 1e-05 1e-05 1e-05 0.904631 1e-05 1e-05 0.087631 0.007668
1e-05 1e-05 1e-05 0.025249 1e-05 0.763557 0.020221 1e-05 0.16519 0.025733
1e-05 1e-05 1e-05 1e-05 1e-05 0.917111 1e-05 1e-05 0.082809 1e-05
0.010053 1e-05 0.011144 0.002268 0.005554 0.587655 1e-05 1e-05 0.383285 1e-05
1e-05 1e-05 1e-05 1e-05 1e-05 0.514847 0.012588 0.043587 0.428919 1e-05
0.001756 1e-05 0.00662 1e-05 1e-05 0.680705 1e-05 0.021918 0.279127 0.009833
0.022516 0.006681 0.226149 0.000326 1e-05 0.285166 0.129425 0.054674 0.2635 0.011554
1e-05 0.025204 0.394435 0.008134 0.062677 0.003762 0.486179 0.007143 0.006771 0.005685
0.002555 1e-05 0.367643 0.019714 0.050991 1e-05 0.521808 0.014289 0.02297 1e-05
1e-05 0.008394 0.333982 0.010817 0.028764 0.001079 0.567596 0.024048 0.015229 0.010082
0.041922 1e-05 0.282674 1e-05 0.000706 0.022443 0.601913 0.003896 0.031898 0.014528
0.008729 0.009468 0.280886 0.004751 1e-05 1e-05 0.645787 0.019351 0.029691 0.001317
0.001581 0.011961 0.38057 0.017568 1e-05 1e-05 0.509249 0.047678 0.031363 1e-05
0.021206 1e-05 0.385039 0.007817 0.01621 1e-05 0.550402 1e-05 0.008117 0.011179
0.045825 1e-05 0.343066 0.004836 0.001729 1e-05 0.553486 0.021053 0.023451 0.006535
1e-05 1e-05 0.351519 0.038066 1e-05 1e-05 0.581958 0.020234 0.008173 1e-05
1e-05 0.017425 0.262821 1e-05 1e-05 0.065859 0.561638 0.046297 0.041691 0.004239
0.042462 1e-05 0.22826 0.009409 0.001804 0.036541 0.557721 0.023611 0.068604 0.031578
1e-05 1e-05 1e-05 1e-05 1e-05 0.84304 0.0165 1e-05 0.139958 0.000442
1e-05 1e-05 1e-05 1e-05 1e-05 0.96586 1e-05 1e-05 0.03406 1e-05
1e-05 0.001787 1e-05 0.001061 1e-05 0.941088 0.000584 1e-05 0.052029 0.00341
0.011288 0.009377 0.004053 1e-05 1e-05 0.770375 0.02174 1e-05 0.180687 0.00245
0.000569 1e-05 1e-05 1e-05 1e-05 0.871362 1e-05 1e-05 0.127999 1e-05
0.008964 1e-05 0.00139 1e-05 1e-05 0.8144 0.008458 0.021381 0.128087 0.01729
1e-05 1e-05 1e-05 1e-05 1e-05 0.915666 1e-05 1e-05 0.078542 0.005723
1e-05 1e-05 1e-05 0.006063 1e-05 0.294121 1e-05 0.06554 0.634217 1e-05
1e-05 0.003137 0.032329 0.001574 0.003317 0.658938 1e-05 0.011 0.283353 0.006331
0.02087 1e-05 0.076027 1e-05 0.005281 0.673878 0.008743 1e-05 0.212463 0.002709
0.00129 1e-05 0.315203 0.042801 1e-05 0.256692 0.20594 0.016388 0.143483 0.018183
0.013134 0.01099 0.238118 0.014365 0.000671 0.24964 0.264816 0.021918 0.176648 0.009699
1e-05 0.033744 0.371194 1e-05 0.062683 1e-05 0.516155 1e-05 0.014766 0.001417
1e-05 1e-05 0.391323 0.026778 0.051205 1e-05 0.508856 1e-05 0.015865 0.005934
1e-05 0.0296 0.268448 0.021038 0.016459 1e-05 0.639079 1e-05 0.025335 1e-05
0.007125 0.010907 0.190719 0.030148 0.010344 1e-05 0.709597 0.012862 0.008359 0.019929
0.042745 1e-05 0.377447 0.002983 0.010018 1e-05 0.521648 0.001109 0.037668 0.006362
0.009992 1e-05 0.393605 0.028308 0.006413 1e-05 0.504251 0.026557 0.028269 0.002585
0.009675 1e-05 0.341075 0.043006 1e-05 1e-05 0.579111 0.025472 0.001621 1e-05
1e-05 0.017333 0.370712 0.021885 1e-05 0.000394 0.559856 0.02978 1e-05 1e-05
0.00301 1e-05 0.354288 0.039849 0.002215 1e-05 0.550528 0.022664 0.022849 0.004576
1e-05 0.042567 0.268924 0.004343 0.009173 0.051984 0.522537 0.045538 0.054914 1e-05
0.015649 1e-05 0.260233 0.023745 0.005377 0.025011 0.559526 0.014807 0.075018 0.020623
1e-05 0.007271 1e-05 0.001497 0.002518 0.831429 1e-05 1e-05 0.157232 1.3e-05
1e-05 1e-05 0.004508 0.010913 1e-05 0.899732 1e-05 1.5e-05 0.077014 0.007779
0.008102 1e-05 1e-05 1e-05 1e-05 0.962942 1e-05 0.010786 0.01811 1e-05
1e-05 0.001419 0.013367 0.003929 1e-05 0.77716 0.002407 1e-05 0.20081 0.000878
1e-05 1e-05 1e-05 0.006117 1e-05 0.876773 1e-05 1e-05 0.110086 0.006965
1e-05 1e-05 1e-05 1e-05 1e-05 0.915467 1e-05 1e-05 0.075041 0.009421
1e-05 1e-05 0.021129 1e-05 1e-05 0.605371 1e-05 0.034717 0.336193 0.00254
0.002747 1e-05 0.008699 0.002337 1e-05 0.574335 0.011295 0.01839 0.374841 0.007335
1e-05 0.005121 0.033418 1e-05 0.000189 0.658361 0.014676 0.030059 0.258147 1e-05
0.005283 1e-05 1e-05 1e-05 1e-05 0.508276 1e-05 0.03069 0.455691 1e-05
1e-05 1e-05 1e-05 1e-05 0.000131 0.964496 0.023312 1e-05 1e-05 0.012001
3.7e-05 1e-05 0.256866 0.024401 0.021808 0.264259 0.182522 0.024851 0.225236 1e-05
0.014457 1e-05 0.373784 0.010679 0.018711 1e-05 0.56574 0.016589 1e-05 1e-05
1e-05 1e-05 0.312405 0.014079 0.005149 0.009199 0.580116 0.03482 0.022874 0.021338
0.006101 0.003256 0.345794 0.055938 1e-05 1e-05 0.525211 0.020699 0.04171 0.001271
0.01569 1e-05 0.350285 0.028832 0.001591 1e-05 0.542107 0.041146 0.00457 0.015759
1e-05 0.029894 0.280794 0.038382 0.003208 0.054458 0.523717 0.001646 0.058964 0.008926
0.035993 0.00082 0.259329 1e-05 1e-05 0.056266 0.565624 0.023029 0.058909 1e-05
1e-05 1e-05 1e-05 1e-05 1e-05 0.922439 1e-05 1e-05 0.070401 0.00709
1e-05 1e-05 1e-05 1e-05 1e-05 0.912131 1e-05 1e-05 0.087789 1e-05
1e-05 1e-05 1e-05 1e-05 1e-05 0.920425 1e-05 0.014232 0.063043 0.00224
1e-05 1e-05 1e-05 1e-05 1e-05 0.912504 1e-05 1e-05 0.070569 0.016858
1e-05 0.013182 0.398051 0.017422 0.037159 1e-05 0.521872 1e-05 0.012272 1e-05
1e-05 1e-05 1e-05 0.003607 1e-05 0.804706 1e-05 0.024172 0.150186 0.017279
1e-05 1e-05 1e-05 0.003028 1e-05 0.913085 1e-05 0.001047 0.08278 1e-05
1e-05 1e-05 0.013829 0.001349 1e-05 0.408504 1e-05 0.058842 0.517426 1e-05
1e-05 0.018528 0.01521 1e-05 1e-05 0.580849 0.006521 0.035313 0.343538 1e-05
0.014188 1e-05 0.000319 0.003251 0.002463 0.544611 1e-05 0.045025 0.382251 0.007872
0.0241 1e-05 0.311838 1e-05 1e-05 0.237499 0.23745 0.027747 0.15665 0.004686
1e-05 1e-05 1e-05 1e-05 1e-05 0.968686 0.014557 1e-05 1e-05 0.016687
0.024476 1e-05 0.365481 1e-05 0.070037 1e-05 0.509862 0.021938 0.005486 0.002689
1e-05 1e-05 0.421497 0.016902 0.025204 1e-05 0.518754 0.01122 1e-05 0.006383
1e-05 1e-05 0.244156 0.015875 0.079819 0.005744 0.610996 0.004308 0.022141 0.016941
0.004914 0.035282 0.285253 1e-05 0.003129 0.014192 0.609332 0.015982 0.023664 0.008242
0.026328 1e-05 0.36628 0.02403 0.012787 0.007838 0.505319 0.006622 0.030024 0.020762
1e-05 1e-05 0.338071 0.015162 1e-05 1e-05 0.583612 0.035692 0.027326 9.7e-05
1e-05 1e-05 0.412605 0.016357 0.059457 0.013472 0.492327 0.005742 1e-05 1e-05
1e-05 0.012639 0.252297 0.011094 0.019165 1e-05 0.634808 0.019789 0.020071 0.030118
0.014221 0.014252 0.355184 0.012068 0.015996 0.011995 0.52482 0.014488 0.03095 0.006026
0.009608 1e-05 0.334053 0.02189 0.003886 0.014452 0.548506 0.004946 0.053614 0.009035
1e-05 1e-05 1e-05 0.003182 1e-05 0.934445 1e-05 0.009292 0.048541 0.004491
1e-05 0.023046 0.001976 1e-05 0.001653 0.542043 1e-05 0.046004 0.385238 1e-05
0.002073 1e-05 1e-05 1e-05 1e-05 0.786736 0.010655 0.001381 0.167619 0.031495
1e-05 1e-05 1e-05 1e-05 1e-05 0.895127 1e-05 1e-05 0.077566 0.027237
0.004898 1e-05 0.015982 1e-05 1e-05 0.503732 0.014616 0.042607 0.418124 1e-05
1e-05 1e-05 0.027514 0.021477 0.002146 0.678834 0.006124 0.011184 0.252691 1e-05
1e-05 0.006266 0.188366 0.010229 0.005632 0.514534 0.01661 0.01055 0.239766 0.008037
1e-05 1e-05 0.280984 0.03044 0.002587 0.288788 0.180111 0.053744 0.163316 1e-05
1e-05 1e-05 1e-05 0.015922 1e-05 0.945239 0.005783 0.012905 1e-05 0.0201
0.021539 1e-05 0.347581 0.012842 0.001741 1e-05 0.552826 0.043858 0.019583 1e-05
0.036093 1e-05 0.230381 0.017762 0.012674 0.044295 0.556658 0.005772 0.077464 0.018892
0.022737 1e-05 0.254169 0.005527 1e-05 0.066568 0.561533 0.024608 0.047974 0.016864
0.0114 0.025188 0.266097 0.005093 1e-05 0.043825 0.5475 0.016172 0.074415 0.010301
1e-05 1e-05 1e-05 1e-05 1e-05 0.951256 1e-05 1e-05 0.048664 1e-05
1e-05 1e-05 1e-05 1e-05 1e-05 0.919842 1e-05 1e-05 0.080078 1e-05
1e-05 1.6e-05 1e-05 1e-05 1e-05 0.871049 1e-05 1e-05 0.128865 1e-05
1e-05 1e-05 1e-05 0.008327 1e-05 0.928875 1e-05 0.003194 0.048972 0.010582
1e-05 1e-05 1e-05 1e-05 1e-05 0.792533 1e-05 1e-05 0.184897 0.0225
0.003593 1e-05 1e-05 1e-05 1.7e-05 0.365016 1e-05 0.033573 0.59775 1e-05
1e-05 1e-05 0.031634 1e-05 0.001145 0.567781 0.005602 0.041878 0.35192 1e-05
1e-05 0.004883 0.047043 0.01076 1e-05 0.68455 1e-05 0.006349 0.246374 1e-05
1e-05 1e-05 0.011591 1e-05 0.000704 0.639349 0.007748 0.069931 0.270637 1e-05
0.004264 0.004251 0.014949 1e-05 1e-05 0.70327 0.004476 1e-05 0.26178 0.00698
1e-05 1e-05 1e-05 1e-05 1e-05 0.966404 0.009938 0.002167 1e-05 0.021431
0.004213 1e-05 1e-05 1e-05 0.004753 0.817236 1e-05 1e-05 0.161459 0.012289
1e-05 1e-05 1e-05 0.004072 1e-05 0.882637 1e-05 0.007197 0.089954 0.016089
