1e-05 1e-05 1e-05 1e-05 1e-05 0.983687 1e-05 1e-05 1e-05 1e-05 0.002563 0.008527 0.005133
1e-05 1e-05 1e-05 1e-05 1e-05 0.992244 1e-05 1e-05 0.00043 1e-05 1e-05 0.005331 0.001905
1e-05 0.004063 1e-05 1e-05 1e-05 0.988064 1e-05 1e-05 1e-05 1e-05 1e-05 1e-05 0.007773
1e-05 0.000652 1e-05 1e-05 1e-05 0.978308 0.006427 1e-05 1e-05 1e-05 0.007424 1e-05 0.007109
1e-05 0.005183 0.005223 1e-05 0.006053 0.978376 1e-05 1e-05 1e-05 1e-05 0.00425 1e-05 0.000844
1e-05 1e-05 1e-05 0.009878 1e-05 0.983986 1e-05 1e-05 1e-05 1e-05 1e-05 0.004637 0.001408
1e-05 1e-05 1e-05 1e-05 1e-05 0.99988 1e-05 1e-05 1e-05 1e-05 1e-05 1e-05 1e-05
1e-05 1e-05 1e-05 1e-05 1e-05 0.991057 1.5e-05 1e-05 1e-05 1e-05 1e-05 1e-05 0.008829
1e-05 1e-05 1e-05 1e-05 1e-05 0.988998 1e-05 1e-05 1e-05 1e-05 0.000256 1e-05 0.010646
1e-05 1e-05 1e-05 1e-05 1e-05 0.985686 1e-05 1e-05 0.000496 0.002528 1e-05 1e-05 0.0112
1e-05 1e-05 1e-05 0.013184 1e-05 0.982779 1e-05 1e-05 0.003937 1e-05 1e-05 1e-05 1e-05
1e-05 1.4e-05 0.010429 0.003801 0.00708 0.975322 1e-05 1e-05 1e-05 1e-05 1e-05 0.000502 0.002791
1e-05 1e-05 1e-05 1e-05 1e-05 0.99988 1e-05 1e-05 1e-05 1e-05 1e-05 1e-05 1e-05
1e-05 1e-05 1e-05 1e-05 1e-05 0.99988 1e-05 1e-05 1e-05 1e-05 1e-05 1e-05 1e-05
1e-05 1e-05 1e-05 0.025361 1e-05 0.964193 1e-05 1e-05 0.008507 1e-05 1e-05 1e-05 0.001849
1e-05 1e-05 1e-05 0.020545 1e-05 0.952777 1e-05 0.013113 1e-05 1e-05 1e-05 1e-05 0.013474
1e-05 0.002592 1e-05 1e-05 0.003313 0.991483 1e-05 1e-05 0.002522 1e-05 1e-05 1e-05 1e-05
1e-05 1e-05 0.288227 0.436392 1e-05 0.191413 1e-05 0.037926 1e-05 0.008607 1e-05 0.014246 0.023128
1e-05 0.00098 0.26459 0.457521 0.010229 0.232429 1e-05 1e-05 0.010434 1e-05 1e-05 0.003776 0.019991
0.019966 1e-05 0.152295 0.554566 1e-05 0.169031 0.026258 0.048368 1e-05 0.000437 0.005581 0.010118 0.013351
0.002372 1e-05 0.02129 0.850891 0.025557 0.071159 1e-05 0.004578 1e-05 1e-05 0.00832 1e-05 0.015783
1e-05 1e-05 0.13294 0.568138 0.01722 0.128874 0.05958 0.062579 1e-05 0.019835 0.010784 1e-05 1e-05
0.007939 1e-05 0.156441 0.542983 0.001868 0.110447 0.065546 0.067734 0.014754 1e-05 0.032247 1e-05 1e-05
1e-05 1e-05 0.152562 0.620458 1e-05 0.024485 0.091204 0.08505 1e-05 0.018503 0.000806 1e-05 0.006882
1e-05 0.012996 0.146682 0.597516 1e-05 0.035663 0.118178 0.074248 0.003135 1e-05 1e-05 0.011531 1e-05
0.017503 1e-05 0.090911 0.723839 1e-05 0.010984 0.052713 0.074149 1e-05 0.011495 1e-05 0.008488 0.009878
1e-05 1e-05 0.154973 0.632026 0.001224 0.013364 0.081649 0.075997 1e-05 0.018185 1e-05 0.019823 0.00272
1e-05 1e-05 0.097467 0.683905 0.004598 0.051298 0.046318 0.068565 0.008683 0.021053 2e-05 0.007524 0.010549
0.006673 0.005709 0.133596 0.652646 1e-05 0.062162 0.040625 0.077379 1e-05 0.001639 1e-05 1e-05 0.01953
1e-05 1e-05 0.173552 0.595798 0.012331 0.062055 0.041202 0.077795 0.016264 0.000134 1e-05 1e-05 0.02083
1e-05 0.011495 0.154523 0.615763 0.021544 0.07607 0.0356 0.040349 1e-05 0.005437 0.012105 0.014983 0.01211
1e-05 1e-05 0.156513 0.569823 1e-05 0.077113 0.063404 0.087212 0.00304 0.010534 0.024285 0.003636 0.004411
0.009446 0.010076 1e-05 0.334857 0.004508 1e-05 0.225469 0.404614 1e-05 0.002435 1e-05 1e-05 0.008544
1e-05 0.023044 1e-05 0.326448 0.006902 0.018033 0.195156 0.418808 1e-05 1e-05 1e-05 0.004986 0.006573
1e-05 0.009527 1e-05 0.293336 0.007062 0.012161 0.201604 0.471301 1e-05 0.004948 1e-05 1e-05 1e-05
1e-05 0.014862 0.04154 0.285228 1e-05 1e-05 0.244052 0.391604 1e-05 1e-05 1e-05 0.022284 0.00037
1e-05 0.042006 0.038651 0.147467 1e-05 0.000945 0.122562 0.162644 0.025699 0.001822 0.31943 0.138743 1e-05
1e-05 1e-05 1e-05 1e-05 1e-05 0.99988 1e-05 1e-05 1e-05 1e-05 1e-05 1e-05 1e-05
1e-05 0.007211 0.009982 0.05688 1e-05 0.917503 1e-05 1e-05 1e-05 0.003785 1e-05 1e-05 0.004569
1e-05 1e-05 0.266558 0.458139 0.005064 0.215016 1e-05 0.007923 0.008071 1e-05 0.033552 0.005626 1e-05
1e-05 1e-05 0.248387 0.447695 0.008292 0.260644 1e-05 1e-05 0.00566 0.012723 0.002866 0.003591 0.010103
1e-05 1e-05 1e-05 0.910428 0.007069 0.041718 1e-05 1e-05 1e-05 1e-05 1e-05 0.021501 0.019204
1e-05 1e-05 0.059913 0.782438 0.006896 0.092314 1e-05 1e-05 0.01529 0.009575 0.009401 0.011206 0.012928
1e-05 0.016139 0.12816 0.575247 1e-05 0.115128 0.076941 0.068596 1e-05 1e-05 1e-05 0.003714 0.016025
1e-05 1e-05 0.163447 0.568055 1e-05 0.180204 1e-05 0.034804 1e-05 0.015383 0.015142 0.018761 0.004155
1e-05 0.012217 0.102966 0.681564 0.00218 0.011393 0.090427 0.069806 1e-05 0.019866 1e-05 0.001991 0.007559
0.029147 1e-05 0.152569 0.620778 1e-05 0.012376 0.08683 0.052261 0.039472 1e-05 1e-05 1.2e-05 0.006515
0.010574 0.003933 0.150175 0.609829 1e-05 0.012988 0.105829 0.094899 0.002171 1e-05 7.7e-05 1e-05 0.009496
1e-05 0.011681 0.13936 0.596384 1e-05 0.058505 0.052522 0.117178 0.000987 0.005876 1e-05 0.010756 0.006722
1e-05 1e-05 0.186248 0.586191 1e-05 0.069116 0.036728 0.074968 0.014473 1e-05 0.001421 0.019446 0.011369
0.017915 1e-05 0.150254 0.604427 1e-05 0.047832 0.062831 0.079344 0.024496 1e-05 1e-05 0.009073 0.003788
0.009909 0.009784 0.017822 0.35276 1e-05 1e-05 0.200948 0.372108 1e-05 0.023451 0.011299 0.00188 1e-05
1e-05 1e-05 1e-05 1e-05 0.003616 0.985268 1e-05 1e-05 1e-05 0.001814 1e-05 0.006788 0.002433
1e-05 0.00025 1e-05 1e-05 0.002295 0.984074 1e-05 0.004554 1e-05 1e-05 0.008739 1e-05 1.8e-05
1e-05 1e-05 1e-05 1e-05 1e-05 0.979032 1e-05 0.005629 1e-05 1e-05 0.003822 1e-05 0.011427
1.9e-05 1e-05 1e-05 0.011437 1e-05 0.986036 1e-05 1e-05 1e-05 1e-05 0.002418 1e-05 1e-05
1e-05 1e-05 0.003203 0.010951 1e-05 0.982098 1e-05 1e-05 1e-05 1e-05 1e-05 0.003658 1e-05
1e-05 1e-05 1e-05 1e-05 1e-05 0.99988 1e-05 1e-05 1e-05 1e-05 1e-05 1e-05 1e-05
1e-05 1e-05 1e-05 1e-05 0.001856 0.997678 1e-05 1e-05 1e-05 1e-05 1e-05 1e-05 0.000366
1e-05 0.003229 1e-05 0.015388 1e-05 0.951229 1e-05 0.008707 1e-05 1e-05 1e-05 0.000749 0.020628
1e-05 1e-05 0.275643 0.46428 1e-05 0.240191 1e-05 1e-05 1e-05 0.009273 0.002949 0.007595 1e-05
1e-05 1e-05 0.271808 0.460136 1e-05 0.218179 1e-05 1e-05 0.017034 1e-05 0.015138 1e-05 0.017636
1e-05 1e-05 0.262987 0.425534 1e-05 0.244339 1e-05 0.00885 0.006541 1e-05 0.036362 0.012256 0.003081
1e-05 0.00601 0.143374 0.58134 1e-05 0.065298 0.048933 0.082606 0.012061 0.013745 1e-05 0.028069 0.018534
1e-05 0.035876 0.04456 0.804699 0.004081 0.065729 0.004379 1e-05 1e-05 0.012877 1e-05 1e-05 0.027748
1e-05 0.012805 0.129723 0.616085 0.010409 0.093356 0.031573 0.065839 1e-05 0.004275 0.024775 1e-05 0.01113
1e-05 0.00455 0.136567 0.649974 0.004989 0.019311 0.076336 0.07168 1e-05 0.013433 0.008835 1e-05 0.014295
1e-05 1e-05 0.157225 0.626026 0.014514 0.005278 0.10004 0.049592 0.006479 0.002327 0.011563 0.007267 0.01967
1e-05 0.012037 0.094058 0.704115 0.016913 0.002791 0.08042 0.054053 1e-05 1e-05 0.031895 1e-05 0.003677
0.001767 1e-05 0.172594 0.591212 0.003099 0.027402 0.070421 0.099142 0.010004 0.015781 1e-05 1e-05 0.008549
0.005124 1e-05 0.108107 0.629991 1e-05 0.081572 0.075618 0.061915 1e-05 0.01881 1e-05 1e-05 0.018814
1.4e-05 0.002688 0.15728 0.645537 1e-05 0.059402 0.03288 0.059061 1e-05 0.029232 1e-05 0.013865 1e-05
1e-05 0.000373 1e-05 1e-05 0.003501 0.995557 1e-05 1e-05 1e-05 0.000479 1e-05 1e-05 1e-05
1e-05 0.000358 1e-05 1e-05 1e-05 0.982811 0.006327 1e-05 1e-05 1e-05 1e-05 1e-05 0.010414
1e-05 0.008088 1e-05 1e-05 1e-05 0.979809 1e-05 0.005786 1e-05 1e-05 1e-05 1e-05 0.006226
1e-05 1e-05 0.008296 1e-05 1e-05 0.970966 0.003081 1e-05 1e-05 1e-05 1e-05 0.010767 0.00681
1e-05 1e-05 0.005537 0.0019 1e-05 0.982993 1e-05 1e-05 0.00948 1e-05 1e-05 1e-05 1e-05
1e-05 1e-05 1e-05 1e-05 1e-05 0.99988 1e-05 1e-05 1e-05 1e-05 1e-05 1e-05 1e-05
1e-05 1e-05 1e-05 1e-05 1e-05 0.99988 1e-05 1e-05 1e-05 1e-05 1e-05 1e-05 1e-05
1e-05 1e-05 0.004082 0.019824 1e-05 0.949163 1e-05 1e-05 1e-05 0.00631 1e-05 1e-05 0.020542
1e-05 1e-05 0.261951 0.461132 0.008321 0.208212 1e-05 1e-05 0.011119 0.005752 0.011675 0.013249 0.018549
1e-05 1e-05 0.282323 0.436115 0.010772 0.227854 1e-05 1e-05 1e-05 0.00034 1e-05 0.026387 0.016149
0.015029 1e-05 0.2794 0.425524 0.013027 0.243451 1e-05 1e-05 0.00342 1e-05 1e-05 1e-05 0.02009
0.023462 1e-05 0.125418 0.619865 0.006215 0.091999 0.026936 0.065212 1e-05 0.00859 0.014825 1e-05 0.017447
0.003901 1e-05 0.08147 0.650705 1e-05 0.096141 0.055205 0.057964 0.012675 0.002061 1e-05 0.031957 0.007891
0.013523 0.002776 0.125559 0.618815 0.004877 0.091688 0.051549 0.056373 0.008023 0.003459 1e-05 0.007847 0.015503
1e-05 1e-05 0.027347 0.831105 1e-05 0.07196 0.004056 1e-05 1e-05 0.007439 0.022379 0.018345 0.017318
0.007173 0.006285 0.113178 0.675815 1e-05 0.026482 0.066876 0.086491 1e-05 0.000676 0.002757 1e-05 0.014238
1e-05 1e-05 0.154874 0.583723 1e-05 0.036045 0.086391 0.106128 1e-05 1e-05 1e-05 0.031691 0.001088
1e-05 1e-05 0.143366 0.654537 0.00912 0.026366 0.056811 0.072533 0.008768 0.012104 1e-05 0.011747 0.004617
1e-05 1e-05 0.134705 0.608562 1e-05 0.071931 0.072588 0.060584 1e-05 0.011757 1e-05 0.017047 0.022776
1e-05 1e-05 1e-05 1e-05 0.002785 0.989983 1e-05 1e-05 1e-05 1e-05 1e-05 0.00173 0.005412
1e-05 0.001667 1e-05 1e-05 1e-05 0.986205 1e-05 1e-05 1e-05 0.003797 1e-05 1e-05 0.008241
1e-05 1e-05 1e-05 1e-05 1e-05 0.988768 1.8e-05 1e-05 1e-05 0.004887 1e-05 1e-05 0.006237
1e-05 1e-05 1e-05 1e-05 1e-05 0.96804 0.000611 0.014534 1e-05 1e-05 1e-05 1e-05 0.016724
1e-05 1.3e-05 0.005097 0.014055 1e-05 0.972542 1e-05 1e-05 1e-05 0.008212 1e-05 1e-05 1e-05
1e-05 1e-05 1e-05 0.012679 0.007246 0.977742 1e-05 1e-05 1e-05 1e-05 1e-05 1e-05 0.002243
1e-05 1e-05 1e-05 1e-05 1e-05 0.99988 1e-05 1e-05 1e-05 1e-05 1e-05 1e-05 1e-05
1e-05 1e-05 1e-05 0.026178 1e-05 0.939134 0.008579 1e-05 0.003981 1e-05 0.002315 1e-05 0.019744
1e-05 1e-05 1e-05 1e-05 1e-05 0.99988 1e-05 1e-05 1e-05 1e-05 1e-05 1e-05 1e-05
0.009096 1e-05 1e-05 0.015275 0.000463 0.966036 1e-05 1e-05 1e-05 1e-05 1e-05 0.006064 0.002996
1e-05 0.003117 1.2e-05 0.024368 1e-05 0.940925 1e-05 0.003447 1e-05 1e-05 0.010729 1e-05 0.017343
1e-05 1e-05 0.30744 0.388098 0.002087 0.202504 0.032536 1e-05 1e-05 0.033197 1e-05 0.009494 0.024595
1e-05 1e-05 0.258769 0.463783 1e-05 0.2226 1e-05 0.002965 0.002927 1e-05 0.019647 0.008525 0.020735
1e-05 1e-05 0.246784 0.470369 0.013559 0.237577 1e-05 1e-05 1e-05 1e-05 0.020997 0.000588 0.010066
0.012309 1e-05 0.133425 0.624283 1e-05 0.083682 0.034517 0.071794 1e-05 0.01408 0.017512 1e-05 0.008357
1e-05 1e-05 1e-05 0.773648 1e-05 0.143812 0.016144 0.018146 0.015944 0.003731 1e-05 1e-05 0.028515
1e-05 0.001751 0.174036 0.577864 1e-05 0.136912 0.030873 0.02419 1e-05 0.019332 1e-05 0.018353 0.01665
1e-05 1e-05 1e-05 0.914493 1e-05 0.039399 1e-05 1e-05 0.030382 0.001069 1e-05 1e-05 0.014576
1e-05 1.7e-05 0.157274 0.630962 1e-05 0.010489 0.09754 0.065866 1e-05 1e-05 0.016706 0.000221 0.020884
1e-05 0.013046 0.109086 0.663857 1e-05 0.018311 0.097457 0.089685 1e-05 1e-05 1e-05 0.008497 1e-05
1e-05 0.011478 0.128274 0.648041 0.004981 0.00014 0.105709 0.063067 1e-05 0.002894 0.00568 0.017432 0.012284
0.008219 2e-05 0.104209 0.633361 1e-05 0.065672 0.08857 0.079975 0.012502 1e-05 1e-05 1e-05 0.007433
1e-05 0.011812 0.15574 0.575107 1e-05 0.074733 0.075507 0.06889 0.012483 0.005549 1e-05 1e-05 0.020139
1e-05 1e-05 1e-05 1e-05 1e-05 0.991697 0.00475 1e-05 1e-05 1e-05 1e-05 1e-05 0.003453
1e-05 1e-05 1e-05 1e-05 1e-05 0.99553 1e-05 1e-05 1e-05 1e-05 1e-05 1e-05 0.00436
1e-05 1e-05 1e-05 1e-05 1e-05 0.989677 0.005539 1e-05 1e-05 0.004682 1e-05 1e-05 1.1e-05
1e-05 1e-05 0.008137 1e-05 1e-05 0.986988 1e-05 1e-05 1e-05 1e-05 1e-05 1e-05 0.004775
1e-05 1e-05 1e-05 1e-05 1e-05 0.99988 1e-05 1e-05 1e-05 1e-05 1e-05 1e-05 1e-05
1e-05 1e-05 1e-05 1e-05 1e-05 0.99988 1e-05 1e-05 1e-05 1e-05 1e-05 1e-05 1e-05
1e-05 1e-05 1e-05 1e-05 1e-05 0.99988 1e-05 1e-05 1e-05 1e-05 1e-05 1e-05 1e-05
1e-05 1e-05 1e-05 0.106569 1e-05 0.864816 1e-05 1e-05 0.002214 0.007844 0.00049 0.01056 0.007447
1e-05 1e-05 1e-05 1e-05 0.000698 0.987503 1e-05 0.004304 1e-05 0.007405 1e-05 1e-05 1e-05
0.005216 1e-05 0.262667 0.42097 1e-05 0.249281 1e-05 0.001949 0.024385 0.007954 1e-05 0.010818 0.016721
0.002484 1e-05 0.220801 0.496674 1e-05 0.237708 1e-05 0.00221 1e-05 0.004574 0.002019 0.019765 0.013726
1e-05 1e-05 0.267511 0.447963 0.005816 0.233571 1e-05 1e-05 1e-05 1e-05 1e-05 0.030338 0.014731
1e-05 1e-05 1e-05 0.877861 1e-05 0.04405 1e-05 1e-05 0.021023 0.028017 1e-05 1e-05 0.028969
1e-05 1e-05 0.126502 0.606617 0.01715 0.084441 0.066485 0.065835 1e-05 0.0134 0.007924 1e-05 0.011606
0.018259 1e-05 0.080384 0.699958 1e-05 0.089972 0.035969 0.030174 0.02252 1e-05 0.005994 1e-05 0.016729
1e-05 1e-05 0.047686 0.828955 1e-05 0.054008 1e-05 0.015786 0.015071 0.022632 0.000439 0.005996 0.009386
0.00932 1e-05 0.137063 0.609148 1e-05 1e-05 0.107957 0.085671 0.0123 1e-05 1e-05 0.028022 0.01047
0.006001 0.000968 0.111379 0.676405 1e-05 0.00782 0.097029 0.066004 1e-05 1e-05 0.011046 0.018937 0.004381
1e-05 1e-05 0.138891 0.638376 0.014468 0.033481 0.069423 0.074644 1e-05 1e-05 0.020566 1e-05 0.010101
0.00514 1e-05 0.175538 0.596617 1e-05 0.009297 0.071902 0.105939 0.004843 1e-05 1e-05 0.015263 0.015421
1e-05 1e-05 0.136564 0.594461 0.008732 0.110056 0.049374 0.063201 1e-05 1e-05 1e-05 0.022571 0.01499
1e-05 1e-05 0.122428 0.519516 1e-05 0.18127 0.044239 0.08532 0.00782 1e-05 0.00897 0.023186 0.007211
1e-05 1e-05 1e-05 1e-05 1e-05 0.99988 1e-05 1e-05 1e-05 1e-05 1e-05 1e-05 1e-05
0.004611 1e-05 1e-05 1e-05 1e-05 0.985735 1e-05 1e-05 1e-05 1e-05 1e-05 0.001677 0.007887
1e-05 1e-05 1e-05 1e-05 1e-05 0.991891 1e-05 1e-05 1e-05 1e-05 1e-05 1e-05 0.007999
1e-05 4.7e-05 1e-05 1e-05 0.00658 0.972938 0.003698 0.009671 1e-05 1e-05 1e-05 1e-05 0.006996
1e-05 0.004869 0.00246 1e-05 1e-05 0.990581 1e-05 1e-05 1e-05 1e-05 1e-05 1e-05 0.002
1e-05 1e-05 0.005352 0.006015 1e-05 0.977242 1e-05 1e-05 0.004683 1e-05 1e-05 0.006628 1e-05
1e-05 1e-05 1e-05 1e-05 1e-05 0.99988 1e-05 1e-05 1e-05 1e-05 1e-05 1e-05 1e-05
1e-05 1e-05 1e-05 0.115118 1e-05 0.868803 1e-05 1e-05 1e-05 1e-05 0.015587 1e-05 0.000402
1e-05 1e-05 1e-05 1e-05 1e-05 0.992254 0.002039 1e-05 0.00474 1e-05 1e-05 1e-05 0.000877
1e-05 1e-05 0.2302 0.458894 1e-05 0.266832 1e-05 1e-05 1e-05 1e-05 1e-05 0.032641 0.011354
1e-05 1e-05 0.263462 0.466058 1e-05 0.215344 1e-05 0.001873 1e-05 0.009508 0.007603 0.019529 0.016574
1e-05 1e-05 0.1401 0.605901 0.001977 0.102014 0.035439 0.05722 0.008724 0.006487 1e-05 0.007632 0.034477
0.012253 1e-05 0.144695 0.554959 1e-05 0.163042 0.024086 0.051493 0.004046 0.008319 1e-05 0.021387 0.01569
1e-05 1e-05 0.064903 0.800815 0.018554 0.060672 1e-05 1e-05 1e-05 0.015418 1e-05 0.022503 0.017076
1e-05 0.016632 0.202515 0.577657 1e-05 0.027119 0.077467 0.078143 1e-05 1e-05 1e-05 1e-05 0.020406
1e-05 1e-05 0.132093 0.651898 1e-05 0.01666 0.070388 0.075708 1e-05 0.018257 0.031109 1e-05 0.003836
1e-05 1e-05 0.193293 0.571857 1e-05 0.023657 0.072507 0.098304 0.010059 1.4e-05 1e-05 0.023661 0.006608
1e-05 1e-05 0.11189 0.695282 1e-05 0.01489 0.067265 0.064593 1e-05 0.020758 1e-05 0.009781 0.015492
0.017271 1e-05 0.152444 0.608741 1e-05 0.058822 0.052677 0.056896 0.030342 1e-05 1e-05 0.015824 0.006942
1e-05 1e-05 1e-05 1e-05 0.003405 0.987473 1e-05 1e-05 1e-05 1e-05 1e-05 1e-05 0.009021
1e-05 1e-05 1e-05 1e-05 0.004529 0.984068 1e-05 0.000841 0.002814 1e-05 1e-05 1e-05 0.007668
0.006555 1e-05 1e-05 1e-05 0.00268 0.982513 1e-05 1e-05 0.000642 1e-05 1e-05 1e-05 0.00753
1e-05 0.001107 1e-05 1e-05 1e-05 0.970724 1e-05 1e-05 1e-05 0.00455 0.009829 1e-05 0.01371
0.000353 1e-05 0.007321 0.001039 1e-05 0.980946 1e-05 0.000876 1e-05 0.003718 1e-05 1e-05 0.005687
1e-05 1e-05 1e-05 1e-05 1e-05 0.99988 1e-05 1e-05 1e-05 1e-05 1e-05 1e-05 1e-05
1e-05 1e-05 1e-05 0.003399 1e-05 0.9847 0.007914 0.000386 1e-05 0.003521 1e-05 1e-05 1e-05
1e-05 0.009276 0.264882 0.413836 1e-05 0.265179 1e-05 1e-05 0.030185 1e-05 1e-05 0.012571 0.00401
1e-05 1e-05 0.02517 0.824149 1e-05 0.076442 1e-05 0.00342 1e-05 0.002456 0.029069 0.018082 0.021161
1e-05 1e-05 0.172594 0.614387 1e-05 0.096325 0.037867 0.056321 1e-05 0.014279 1e-05 0.007523 0.000655
0.010229 1.2e-05 1e-05 0.886153 1e-05 0.06309 1e-05 1e-05 0.010882 0.006559 0.012333 0.003239 0.00746
1e-05 1e-05 0.099862 0.676792 0.003907 0.078104 0.045226 0.039284 1e-05 0.017418 0.029159 1e-05 0.010209
0.010643 0.018791 0.026162 0.821193 1e-05 0.055196 1e-05 0.0257 1e-05 0.004802 0.009294 0.018499 0.009691
1e-05 0.013815 0.139561 0.607822 1e-05 0.026322 0.110076 0.095066 1e-05 0.006364 1e-05 1e-05 0.000924
1e-05 0.013975 0.106073 0.659008 1e-05 0.022405 0.099562 0.061893 0.007248 1e-05 1e-05 0.014713 0.015082
1e-05 1e-05 0.126561 0.604098 1e-05 0.081113 0.060444 0.08615 1e-05 1e-05 0.017124 0.022162 0.002298
1e-05 0.002049 1e-05 0.001933 1e-05 0.990065 1e-05 1e-05 1e-05 1e-05 1e-05 0.005863 1e-05
0.006401 1e-05 1.8e-05 1e-05 1e-05 0.988828 1e-05 1e-05 1e-05 1e-05 1e-05 1.3e-05 0.00466
1e-05 1e-05 1e-05 0.006799 1e-05 0.986931 1e-05 1e-05 1e-05 1e-05 1e-05 1e-05 0.00617
1e-05 1e-05 1e-05 0.028794 1e-05 0.962929 1e-05 1e-05 1e-05 1e-05 0.005913 0.002273 1e-05
1e-05 1e-05 1e-05 1e-05 1e-05 0.99988 1e-05 1e-05 1e-05 1e-05 1e-05 1e-05 1e-05
1e-05 1e-05 0.011448 0.842215 0.00646 0.054593 0.004107 0.035975 0.003058 0.001953 0.001995 0.015473 0.022702
1e-05 1e-05 0.112068 0.663049 0.012265 0.02773 0.088098 0.088357 1e-05 0.00362 1e-05 1e-05 0.004761
1e-05 1e-05 0.179476 0.539073 0.012821 0.066244 0.073629 0.106709 0.014523 0.005097 1e-05 0.002388 1e-05
1e-05 0.014731 0.08672 0.697251 0.002343 0.016242 0.098359 0.056557 1e-05 0.00812 1e-05 0.0021 0.017548
1e-05 0.014538 0.166714 0.584551 1e-05 0.018709 0.113088 0.075553 1e-05 0.009861 0.009994 1e-05 0.006952
1e-05 0.017176 0.134988 0.625935 0.013632 0.069567 0.05562 0.068563 0.002074 1e-05 1e-05 1e-05 0.012407
1e-05 1e-05 0.140902 0.624522 0.00958 0.069909 0.071671 0.038295 1e-05 0.007436 0.003632 0.031813 0.00221
0.006144 1e-05 0.14778 0.609156 0.012702 0.059873 0.051411 0.056366 1e-05 0.004636 0.009698 0.017703 0.024512
0.00942 0.008002 0.144799 0.58179 1e-05 0.065615 0.05859 0.108094 0.02364 1e-05 1e-05 1e-05 1e-05
0.012373 0.009085 1e-05 0.35436 1e-05 0.00577 0.21463 0.374851 1e-05 1e-05 0.013348 1e-05 0.015534
1e-05 0.010232 1e-05 0.372521 0.020022 1e-05 0.180366 0.411478 1e-05 1e-05 1e-05 1e-05 0.005311
1e-05 0.003842 1e-05 0.331152 0.009632 0.011822 0.235213 0.393366 1e-05 1e-05 1e-05 1e-05 0.014914
1e-05 1e-05 0.010474 0.33461 0.022864 0.003507 0.208857 0.413612 0.00074 0.001797 1e-05 1e-05 0.003499
0.016435 1e-05 1e-05 0.31978 1e-05 0.019968 0.209681 0.426596 1e-05 1e-05 0.001472 1e-05 0.006008
1e-05 1e-05 1e-05 1e-05 1e-05 0.997474 1e-05 1e-05 2e-05 1e-05 1e-05 1e-05 0.002406
1e-05 1e-05 1e-05 1e-05 1e-05 0.991207 1e-05 1e-05 1e-05 1e-05 0.001195 0.005708 0.0018
0.00028 0.000392 1e-05 1e-05 1e-05 0.974554 0.000604 0.005424 0.003754 1e-05 0.004827 1e-05 0.010116
1e-05 1e-05 1e-05 0.010114 1e-05 0.982366 1e-05 1e-05 1e-05 0.00742 1e-05 1e-05 1e-05
1e-05 0.001295 1e-05 0.009672 1e-05 0.982977 1e-05 0.005966 1e-05 1e-05 1e-05 1e-05 1e-05
1e-05 1e-05 1e-05 1e-05 1e-05 0.999874 1e-05 1e-05 1e-05 1.6e-05 1e-05 1e-05 1e-05
1e-05 1e-05 1e-05 1e-05 1e-05 0.99988 1e-05 1e-05 1e-05 1e-05 1e-05 1e-05 1e-05
0.002644 1e-05 0.023086 0.846287 1e-05 0.04749 1e-05 0.018117 1e-05 0.027865 0.022224 1e-05 0.012238
0.014231 1e-05 0.099407 0.617807 1e-05 0.07256 0.075641 0.093132 0.006025 0.015625 1e-05 1e-05 0.005531
1e-05 1e-05 0.156572 0.653674 0.004338 0.031526 0.055593 0.05258 0.026333 0.000704 1e-05 0.015178 0.003473
0.019931 1e-05 0.143862 0.638258 1e-05 0.025021 0.082229 0.050805 1e-05 0.007664 0.017503 1e-05 0.014687
1e-05 1e-05 0.094678 0.726236 0.025276 0.004827 0.06867 0.066544 1e-05 1e-05 1e-05 0.013513 0.000205
0.009281 1e-05 0.122183 0.685461 1e-05 1e-05 0.074543 0.080062 1e-05 0.000742 0.006845 1e-05 0.020832
0.019357 1e-05 0.15078 0.602416 1e-05 0.063895 0.042967 0.081664 0.029419 1e-05 1e-05 1e-05 0.009452
0.009234 1e-05 0.13462 0.604624 1e-05 0.054493 0.084117 0.070921 0.002433 1e-05 1e-05 0.030506 0.009012
0.00493 0.000582 0.125262 0.584678 1e-05 0.150244 0.038202 0.033611 0.010901 0.015172 0.015077 1e-05 0.02132
1e-05 0.019414 1e-05 0.364743 1e-05 0.010127 0.198799 0.387396 0.000281 1e-05 1e-05 0.01918 1e-05
1e-05 1e-05 0.015767 0.356765 0.007299 0.000217 0.240535 0.36283 1e-05 0.016527 1e-05 1e-05 1e-05
1e-05 0.011218 0.083278 0.118645 0.004057 1e-05 0.102911 0.166537 0.037396 0.02638 0.284221 0.165326 1e-05
1e-05 0.003286 1e-05 1e-05 1e-05 0.974781 0.00011 0.005899 0.003291 1e-05 1e-05 1e-05 0.012562
1e-05 1e-05 1e-05 1e-05 0.001404 0.988837 1e-05 1e-05 1e-05 0.002258 1e-05 1e-05 0.007411
1e-05 1e-05 1e-05 0.013769 0.006444 0.979687 1e-05 1e-05 1e-05 1e-05 1e-05 1e-05 1e-05
1e-05 1e-05 1e-05 1e-05 1e-05 0.99988 1e-05 1e-05 1e-05 1e-05 1e-05 1e-05 1e-05
0.025204 1e-05 0.175522 0.594855 1e-05 0.081016 0.021232 0.060211 0.010168 1e-05 1e-05 1e-05 0.031742
1e-05 1e-05 0.009364 0.880512 0.015118 0.051349 1.6e-05 1e-05 1e-05 1e-05 0.030258 0.004684 0.00865
1e-05 1e-05 0.096763 0.681873 0.022774 0.015451 0.106466 0.050437 1e-05 1.2e-05 1.4e-05 0.011519 0.014661
1.8e-05 1e-05 0.176774 0.610212 0.021495 0.013678 0.065667 0.071671 1e-05 1e-05 0.010907 0.015576 0.013971
0.008886 0.012511 0.149356 0.628542 1e-05 0.002677 0.101356 0.061841 0.019017 0.009398 1e-05 1e-05 0.006387
1e-05 1e-05 0.136654 0.618055 0.008408 0.120266 0.024204 0.060375 0.023585 0.001514 1e-05 1e-05 0.006897
1e-05 1e-05 0.140604 0.635175 1e-05 0.021588 0.097162 0.063435 1e-05 0.008047 1e-05 0.016222 0.017717
1e-05 1e-05 0.123192 0.584615 1e-05 0.108521 0.046905 0.108224 0.011657 0.016826 1e-05 1e-05 1e-05
0.015321 1e-05 1e-05 0.354073 0.01365 1e-05 0.215789 0.397374 0.003724 1e-05 1e-05 1e-05 1e-05
1e-05 0.018542 1e-05 0.316997 0.004427 0.00479 0.237642 0.411014 1e-05 0.006528 1e-05 1e-05 1e-05
0.017234 1.8e-05 0.019389 0.239987 0.009349 1e-05 0.166505 0.521883 0.003741 1e-05 0.003775 0.011264 0.006835
1e-05 1e-05 0.00246 0.345444 0.024586 0.040957 0.21325 0.371622 0.000757 0.000545 1e-05 1e-05 0.000338
1e-05 0.021921 0.064127 0.174444 0.006867 1e-05 0.147362 0.19476 0.019448 1e-05 0.234472 0.136559 1e-05
1e-05 0.010635 0.146273 0.592608 1e-05 0.09527 0.01653 0.078296 0.020268 0.040069 1e-05 1e-05 1e-05
1e-05 0.002442 1e-05 1e-05 1e-05 0.987155 1e-05 1e-05 1e-05 1e-05 0.001322 1e-05 0.008992
1e-05 1e-05 1e-05 0.007986 0.004587 0.984275 1e-05 1e-05 0.003062 1e-05 1e-05 1e-05 1e-05
1e-05 1e-05 1e-05 1e-05 1e-05 0.99988 1e-05 1e-05 1e-05 1e-05 1e-05 1e-05 1e-05
1e-05 0.000424 1e-05 0.002729 1e-05 0.991005 1e-05 1e-05 1e-05 1e-05 1e-05 0.005752 1e-05
1e-05 0.006708 0.233938 0.462492 0.007136 0.23862 1e-05 1e-05 0.011312 0.003002 1e-05 0.013676 0.023075
1e-05 1e-05 0.227458 0.407834 1e-05 0.31347 1e-05 1e-05 1e-05 0.019178 1e-05 0.027293 0.004696
0.008955 0.000239 1e-05 0.905732 1e-05 0.040764 1e-05 0.013068 1e-05 0.000379 1e-05 0.024321 0.006493
1e-05 1e-05 0.093534 0.6476 1e-05 0.108846 0.049764 0.046611 0.020385 0.02488 1e-05 0.001949 0.006392
0.001021 1e-05 0.084788 0.694398 1e-05 0.012373 0.1145 0.042365 0.002323 1e-05 1e-05 0.034168 0.014025
1e-05 0.006086 0.153496 0.595973 0.004423 0.019126 0.116282 0.049238 0.025222 1e-05 1e-05 0.006447 0.023679
1e-05 0.006282 0.17304 0.610243 0.000229 0.031188 0.074222 0.0659 1e-05 1e-05 1e-05 0.020333 0.018524
1e-05 0.020435 0.15586 0.56791 0.006275 0.066566 0.058144 0.082191 1e-05 0.012444 1.3e-05 0.025041 0.005101
1e-05 1e-05 0.127084 0.593832 1e-05 0.115303 0.048583 0.069602 1e-05 0.02437 0.019793 1e-05 0.001384
1e-05 0.012559 1e-05 0.357259 1e-05 0.002661 0.21012 0.415616 1e-05 1e-05 0.001715 1e-05 1e-05
1e-05 1e-05 1e-05 0.280146 0.017832 0.039364 0.172687 0.477018 1e-05 1e-05 1e-05 0.012883 1e-05
1e-05 1e-05 1e-05 0.383793 0.032856 0.001741 0.199382 0.374591 1e-05 1e-05 1e-05 1e-05 0.007568
0.000139 0.007891 1e-05 0.377549 0.021502 0.004447 0.214729 0.373684 1e-05 1e-05 1e-05 1e-05 1e-05
1e-05 0.024668 0.169668 0.541552 1e-05 0.087714 0.062678 0.08476 0.010569 1e-05 1e-05 1e-05 0.018341
1e-05 0.013915 0.148754 0.650391 0.005303 0.049936 0.025713 0.062112 0.00505 0.005035 1e-05 0.005209 0.028563
1e-05 1e-05 0.117728 0.607255 0.005857 0.140484 0.036943 0.059429 0.01093 0.020121 1e-05 1e-05 0.001212
1e-05 0.012528 1e-05 0.349009 1e-05 0.006636 0.195394 0.41087 1e-05 1e-05 0.004614 1e-05 0.02089
0.016398 1e-05 0.040018 0.307534 1e-05 1e-05 0.229024 0.383454 0.005083 0.009535 1e-05 0.008903 1e-05
1e-05 0.002564 0.016643 0.395325 0.016141 0.008542 0.204501 0.356224 1e-05 1e-05 1e-05 1e-05 1e-05
1e-05 1e-05 1e-05 0.379266 0.053117 0.007558 0.195 0.364979 1e-05 1e-05 1e-05 1e-05 1e-05
1e-05 0.013414 0.086905 0.131732 1e-05 1e-05 0.143706 0.14578 0.026347 0.035157 0.311028 0.087863 0.018038
0.001046 1e-05 0.063418 0.125471 1e-05 1e-05 0.180297 0.184454 0.070474 0.038325 0.229985 0.106486 1.5e-05
1e-05 0.012125 1e-05 0.385134 0.00601 0.0157 0.208994 0.371967 1e-05 1e-05 1e-05 1e-05 1e-05
0.013525 1e-05 1e-05 0.402404 1e-05 0.026004 0.224195 0.333792 1e-05 1e-05 1e-05 1e-05 1e-05
0.014748 1e-05 0.009623 0.206806 0.02137 0.053271 0.16442 0.524952 1e-05 1e-05 0.002767 1e-05 0.002003
1e-05 1e-05 0.025822 0.206698 0.027124 1e-05 0.181846 0.507999 1e-05 0.014558 0.009495 1e-05 0.026409
1e-05 0.00337 0.034756 0.202097 0.029049 1e-05 0.154851 0.530489 1e-05 0.018322 0.020408 1e-05 0.006617
0.001971 0.017746 0.021508 0.217811 0.014289 1e-05 0.233628 0.446004 1e-05 0.002967 0.013168 0.013313 0.017575
1e-05 0.01752 0.079393 0.199344 1e-05 0.018998 0.205141 0.449031 1e-05 1e-05 1e-05 0.019782 0.010741
1e-05 0.006927 1e-05 0.192772 1e-05 1e-05 0.385571 0.37111 0.004428 0.020649 0.003213 1e-05 0.01528
0.004853 0.012265 0.032788 0.148024 1e-05 1e-05 0.219837 0.451916 1e-05 0.022024 0.08738 0.018919 0.001965
1.2e-05 0.005592 0.032248 0.175445 0.033699 1e-05 0.211194 0.443221 1e-05 0.003677 0.060941 0.013103 0.020848
1e-05 1e-05 1e-05 1e-05 1e-05 1e-05 1e-05 1e-05 0.504029 1e-05 0.495861 1e-05 1e-05
1e-05 1e-05 1e-05 0.003747 1e-05 1e-05 1e-05 0.011688 0.340783 1e-05 0.604105 0.036982 0.002624
0.009125 1e-05 1e-05 1e-05 1e-05 1e-05 1e-05 0.001854 0.724308 1e-05 0.264623 1e-05 1e-05
1e-05 0.003152 0.000706 0.002133 1e-05 0.007832 0.012734 0.008489 0.346818 1e-05 0.584694 0.027982 0.00543
1e-05 1e-05 0.170959 0.556011 0.012591 0.084639 0.061571 0.086665 0.018809 1e-05 1e-05 1e-05 0.008706
0.005066 0.006457 0.140395 0.642944 1e-05 0.077472 0.012997 0.069076 0.006423 0.029456 1e-05 0.005142 0.004552
0.010657 1e-05 0.160114 0.550868 1e-05 0.072718 0.08686 0.078281 0.013008 0.000875 0.012199 1e-05 0.01439
1e-05 0.025105 0.034628 0.302082 0.007247 0.021248 0.187335 0.386929 0.002354 1e-05 1e-05 0.033033 1e-05
0.016613 1e-05 0.007572 0.352101 0.012075 0.027308 0.209135 0.360005 1e-05 1e-05 1e-05 0.015141 1e-05
1e-05 1e-05 1e-05 0.364849 0.019278 1e-05 0.219478 0.386878 1e-05 0.000168 1e-05 1e-05 0.009278
1e-05 0.011467 0.00901 0.271847 1e-05 0.019363 0.194492 0.486237 1e-05 0.007524 1e-05 1e-05 1e-05
1e-05 1e-05 0.057201 0.160284 0.015396 0.002611 0.145694 0.134575 0.052329 0.024437 0.252767 0.154676 1e-05
1e-05 0.002727 1e-05 0.431395 0.005151 1e-05 0.190656 0.36999 1e-05 1e-05 1e-05 1e-05 1e-05
1e-05 1e-05 0.001179 0.403243 0.009506 0.041254 0.202353 0.334769 1e-05 1e-05 1e-05 0.007636 1e-05
1e-05 1e-05 0.005391 0.198018 0.007195 0.043582 0.166789 0.518523 0.006686 0.040086 1e-05 1e-05 0.013689
0.016583 1e-05 0.058902 0.163603 0.02671 1e-05 0.159316 0.544332 0.010119 1e-05 1e-05 0.005603 0.014791
0.019489 1e-05 0.092047 0.202477 1e-05 1e-05 0.200656 0.433171 0.003526 0.017946 0.00698 0.010703 0.012975
1e-05 1e-05 0.044743 0.163647 0.010903 0.023984 0.139861 0.55161 0.012576 0.014163 1e-05 0.030614 0.007869
0.014961 0.025743 0.036591 0.230664 1e-05 0.008338 0.182004 0.460763 1e-05 1e-05 1e-05 0.038111 0.002785
1e-05 1e-05 1e-05 0.198988 0.025167 0.004405 0.416719 0.346363 1e-05 1e-05 0.008288 1e-05 1e-05
0.027614 0.004132 0.021017 0.147178 0.005107 0.003609 0.180375 0.4716 1e-05 0.030279 0.098622 1e-05 0.010446
1.5e-05 1e-05 0.022231 0.184225 0.020204 0.004404 0.209433 0.404803 0.06916 0.017042 0.015298 0.050638 0.002537
1e-05 0.006236 1e-05 1e-05 1e-05 1e-05 1e-05 1e-05 0.594101 1e-05 0.399563 1e-05 1e-05
1e-05 1e-05 1e-05 1e-05 1e-05 1e-05 1e-05 1e-05 0.591455 0.012274 0.390121 0.006059 1e-05
1e-05 1e-05 1e-05 1e-05 1e-05 1e-05 1e-05 1e-05 0.757419 0.000405 0.219143 1e-05 0.022943
1e-05 1e-05 1e-05 0.018387 1e-05 1e-05 1e-05 1e-05 0.317769 1e-05 0.609663 0.054092 1e-05
1e-05 1e-05 0.143383 0.573225 0.014293 0.107326 0.053464 0.094364 1e-05 0.004762 1e-05 0.009133 1e-05
1e-05 1e-05 0.139183 0.60169 0.02309 0.064458 0.054969 0.077362 1e-05 0.018116 0.003614 1e-05 0.017477
1e-05 1e-05 0.118965 0.652665 1e-05 0.061054 0.057194 0.063354 0.020203 0.007864 1e-05 1e-05 0.018651
1e-05 0.009439 1e-05 0.3434 0.006648 0.041208 0.203767 0.367853 1e-05 1e-05 1e-05 0.003747 0.023888
0.01571 1e-05 1e-05 0.374135 1e-05 1.2e-05 0.203835 0.397015 1e-05 0.001783 0.00285 1e-05 0.004609
1e-05 0.019935 1e-05 0.367344 1e-05 0.000162 0.212507 0.321324 0.006383 1e-05 0.015355 0.024952 0.031999
1e-05 1e-05 1e-05 0.313101 0.012224 0.006562 0.18811 0.442731 0.008175 1e-05 1e-05 0.01454 0.014508
0.011887 1e-05 0.034641 0.173434 0.010145 0.011001 0.134889 0.128076 0.02657 1e-05 0.280393 0.174555 0.01439
0.009092 1e-05 0.033672 0.14942 1e-05 1e-05 0.150947 0.149623 0.024807 0.027713 0.316112 0.137876 0.000709
1e-05 0.019496 0.004194 0.337208 1e-05 0.077999 0.20226 0.348765 1e-05 1e-05 1e-05 0.01001 2e-05
1e-05 0.018079 0.005008 0.22964 1e-05 0.083251 0.167206 0.478622 0.016443 1e-05 1e-05 0.000253 0.001457
1e-05 0.002021 0.002813 0.199987 0.021195 1e-05 0.145895 0.589738 1e-05 0.007741 0.020571 1e-05 0.009999
1e-05 1e-05 0.04526 0.205653 0.015726 1e-05 0.18518 0.502616 0.020432 0.025073 1e-05 1e-05 1e-05
0.022806 1e-05 0.048749 0.311289 0.007266 1e-05 0.209983 0.332659 1e-05 1e-05 0.038516 0.01391 0.014782
0.016198 0.018094 0.047176 0.13278 1e-05 1e-05 0.137539 0.598741 0.008338 0.00901 1e-05 0.022149 0.009945
0.024409 1e-05 0.000438 0.363462 1e-05 0.012108 0.189244 0.399901 0.001612 1e-05 1e-05 1e-05 0.008775
0.000741 0.012196 1e-05 0.242666 0.013826 1e-05 0.354 0.354957 1e-05 1e-05 0.009276 1e-05 0.012289
0.008867 1e-05 1e-05 0.208698 0.003454 0.001017 0.421137 0.34214 1e-05 1e-05 0.010812 1e-05 0.003825
1e-05 1e-05 0.027724 0.176815 0.013104 1e-05 0.197027 0.459385 0.009474 0.011623 0.063352 0.021832 0.019632
1e-05 1e-05 0.018706 0.183732 0.03104 0.003763 0.207606 0.415366 0.083401 0.02272 1e-05 0.026685 0.006951
1e-05 1e-05 1e-05 1e-05 1e-05 1e-05 1e-05 1e-05 0.35672 1e-05 0.64317 1e-05 1e-05
1e-05 1e-05 1e-05 1e-05 0.001472 1e-05 1e-05 1e-05 0.607129 0.00011 0.385703 0.005506 1e-05
1e-05 1e-05 1e-05 1e-05 0.001076 1e-05 1e-05 1e-05 0.529274 1e-05 0.46955 1e-05 1e-05
1e-05 1e-05 1e-05 1e-05 1e-05 1e-05 0.017281 1e-05 0.325048 1e-05 0.613124 0.044457 1e-05
0.003911 0.007188 0.120228 0.627898 1e-05 0.07865 0.070414 0.065097 1e-05 0.001285 0.003974 0.000141 0.021193
0.00084 1e-05 0.004534 0.377578 0.028504 0.050875 0.16457 0.365168 1e-05 1e-05 1e-05 1e-05 0.007881
1e-05 0.033208 0.002769 0.10614 1e-05 1e-05 0.126955 0.644517 0.016994 1e-05 1e-05 0.048639 0.020728
1e-05 0.037766 1e-05 0.311783 1e-05 0.005562 0.183798 0.437836 0.006035 0.01716 1e-05 1e-05 1e-05
1e-05 1e-05 0.074263 0.158803 0.017727 1e-05 0.110338 0.189032 0.038905 0.024325 0.296594 0.080329 0.009654
0.00231 1e-05 0.14984 0.627772 1e-05 0.05233 0.038269 0.070362 0.000546 0.033477 0.025055 1e-05 1e-05
0.000454 0.028593 0.046857 0.148777 0.010154 0.00065 0.136293 0.150457 0.002778 1e-05 0.304467 0.152471 0.018039
1e-05 0.01989 1e-05 0.386204 1e-05 0.007432 0.198365 0.359979 1e-05 0.014291 1e-05 1e-05 0.013778
1e-05 0.020682 0.025579 0.189981 1e-05 0.009553 0.14641 0.564579 0.031366 1e-05 1e-05 0.010244 0.001565
0.010529 1e-05 0.057512 0.15072 1e-05 1e-05 0.148058 0.58462 0.01667 0.030466 1e-05 1e-05 0.001375
0.02842 1e-05 0.069533 0.192434 1e-05 1e-05 0.176257 0.491309 1e-05 0.030839 0.006298 1e-05 0.00486
1e-05 1e-05 0.039052 0.241741 0.017469 0.000191 0.222036 0.434426 1e-05 0.031531 1e-05 0.010371 0.003144
1e-05 1e-05 1e-05 0.182711 1e-05 1e-05 0.436718 0.380471 1e-05 1e-05 1e-05 1e-05 1e-05
1e-05 0.029854 1e-05 0.200431 1e-05 0.003475 0.387359 0.358409 0.01985 1e-05 1e-05 1e-05 0.000563
0.006413 1e-05 1e-05 0.203604 0.022566 0.008512 0.405856 0.35298 1e-05 1e-05 1e-05 1e-05 1e-05
1e-05 0.02502 1e-05 0.190865 0.002826 0.001066 0.210511 0.418195 0.049062 0.01778 0.041568 0.01747 0.025617
0.019282 1e-05 0.03088 0.178065 1e-05 0.005994 0.22504 0.416764 0.019379 1e-05 0.060589 0.043966 1e-05
1e-05 1e-05 1e-05 1e-05 0.001416 1e-05 0.002717 0.006013 0.415665 4.3e-05 0.555458 0.016719 0.00192
1e-05 1e-05 1e-05 1e-05 1e-05 1.5e-05 1e-05 1e-05 0.713414 1e-05 0.286471 1e-05 1e-05
1e-05 0.006449 1e-05 1e-05 1e-05 1e-05 1e-05 1e-05 0.5322 1e-05 0.46125 1e-05 1e-05
0.004823 1e-05 1e-05 0.008012 1e-05 1e-05 0.003999 0.013889 0.369478 1e-05 0.577001 0.022737 1e-05
1e-05 1e-05 0.000532 0.002019 1e-05 0.991361 1e-05 0.001797 0.004211 1e-05 1e-05 1e-05 1e-05
1e-05 1e-05 1e-05 1e-05 1e-05 1e-05 1e-05 1e-05 0.576618 1e-05 0.423272 1e-05 1e-05
0.00659 1e-05 1e-05 1e-05 0.018503 0.001525 1e-05 0.000172 0.413914 0.002926 0.526639 0.008645 0.021047
1e-05 1e-05 1e-05 1e-05 1e-05 1e-05 1e-05 1e-05 0.661011 1e-05 0.327893 0.000836 0.01017
1e-05 0.013926 1e-05 1e-05 1e-05 1e-05 0.015721 0.005826 0.109301 0.010064 0.608561 0.236541 1e-05
0.008236 1e-05 0.013889 0.003488 0.020211 0.005884 0.011268 0.009276 0.275315 1e-05 0.586186 0.066218 1e-05
1e-05 1e-05 1e-05 1e-05 1e-05 1e-05 1e-05 1e-05 0.049918 0.073162 0.569717 0.307113 1e-05
1e-05 1e-05 1e-05 0.001438 0.008083 1e-05 0.016337 0.005193 0.21002 1e-05 0.619315 0.139553 1e-05
0.022834 1e-05 0.072443 0.113781 1e-05 0.009818 0.131133 0.123757 0.026839 0.026535 0.380456 0.092373 1e-05
1e-05 1e-05 1e-05 1e-05 1e-05 0.00047 1e-05 1e-05 0.503487 1e-05 0.492924 1e-05 0.003029
1e-05 1e-05 1e-05 1e-05 0.011041 1e-05 1e-05 1e-05 0.493155 0.002978 0.484674 0.008072 1e-05
1e-05 0.010141 1e-05 0.003903 0.012754 1e-05 0.013043 0.032511 0.115089 0.011526 0.577529 0.215632 0.007843
1e-05 0.014069 0.007961 1e-05 0.014514 1e-05 0.029011 1e-05 0.144844 1e-05 0.629152 0.160389 1e-05
0.01377 1e-05 0.001997 0.025878 1e-05 1e-05 0.020351 1e-05 0.149274 0.009429 0.640899 0.137205 0.001156
1e-05 1e-05 0.064694 0.148842 0.030532 1e-05 0.153963 0.11764 0.0724 0.030856 0.302286 0.078747 1e-05
1e-05 1e-05 1e-05 1e-05 1e-05 0.002402 1e-05 0.004277 0.483685 1e-05 0.494068 0.015488 1e-05
0.00326 1e-05 1e-05 1e-05 0.004369 1e-05 1e-05 1e-05 0.41539 0.000209 0.518064 0.04276 0.015887
1e-05 1e-05 1e-05 1e-05 0.004754 1e-05 1e-05 1e-05 0.624712 1e-05 0.336372 0.034072 1e-05
0.009522 1e-05 0.009974 0.009074 1e-05 0.004846 0.000218 0.030298 0.125067 0.02093 0.591504 0.196978 0.001569
1e-05 0.009163 0.001206 0.000744 1e-05 1e-05 0.034328 0.010132 0.217198 0.003592 0.58564 0.137956 1e-05
1e-05 1e-05 1e-05 1e-05 0.005066 1e-05 1e-05 1e-05 0.208745 0.046106 0.629959 0.104735 0.005319
1e-05 1e-05 0.001838 0.025351 0.015848 1e-05 0.025242 0.005872 0.174464 0.024649 0.572903 0.139983 0.013819
0.001155 1e-05 0.055767 0.137612 0.019678 1e-05 0.108833 0.127376 0.075926 1e-05 0.335184 0.134211 0.004229
1e-05 1e-05 0.11621 0.64033 0.014805 0.066689 0.037117 0.096174 1e-05 1e-05 0.013393 0.006427 0.008814
1e-05 1e-05 0.123655 0.667139 1e-05 0.061694 0.044289 0.052004 1e-05 1e-05 1e-05 0.045759 0.005399
0.009479 1e-05 1e-05 0.405603 1e-05 0.009759 0.188055 0.373707 1e-05 0.007119 1e-05 1e-05 0.006219
0.011993 0.012697 1e-05 0.329174 1e-05 0.036848 0.195066 0.408863 1e-05 1e-05 1e-05 1e-05 0.005299
1e-05 0.019793 1e-05 0.364593 0.008005 1e-05 0.192397 0.415132 1e-05 1e-05 1e-05 1e-05 1e-05
1e-05 0.015238 1e-05 0.365781 0.002218 0.005749 0.225191 0.379382 0.00638 1e-05 1e-05 1e-05 1e-05
1e-05 0.018148 0.00702 0.297966 1e-05 0.029687 0.168235 0.472732 1.7e-05 1e-05 1e-05 0.006145 1e-05
0.039179 1e-05 0.039978 0.12778 1e-05 0.008714 0.137802 0.118147 0.033411 1e-05 0.33167 0.163279 1e-05
1e-05 0.002887 0.030101 0.143869 0.001146 0.001617 0.150927 0.167288 0.019085 0.036202 0.33212 0.114739 1e-05
1e-05 0.009907 1e-05 0.375288 1e-05 0.016486 0.232976 0.354084 1e-05 1e-05 1e-05 1e-05 0.01119
1e-05 0.001665 0.007485 0.385715 0.008248 0.060845 0.179077 0.331943 1e-05 1e-05 1e-05 0.024882 9.9e-05
1e-05 0.015386 0.058131 0.175727 0.027765 1e-05 0.163419 0.522661 1e-05 1e-05 0.003329 0.0189 0.014642
1e-05 0.018519 0.059233 0.214908 0.009187 0.004719 0.21127 0.431941 1e-05 0.00863 0.01843 0.019124 0.004019
0.00454 0.002822 1e-05 0.22988 0.008031 1e-05 0.384536 0.364748 1e-05 1e-05 0.005382 1e-05 1e-05
1.6e-05 1e-05 1e-05 0.206569 0.02366 1e-05 0.397722 0.357805 0.002114 0.00219 0.008303 1e-05 0.00158
0.014531 1e-05 1e-05 0.193046 1e-05 1e-05 0.420083 0.367451 1e-05 1e-05 0.004808 1e-05 1e-05
1e-05 1e-05 0.036193 0.135382 0.023738 1e-05 0.130956 0.532317 0.02965 1e-05 0.039548 0.053554 0.018621
0.007522 0.006286 0.037102 0.138643 0.013277 1e-05 0.196778 0.46717 0.014571 0.022713 0.076479 0.004142 0.015308
1e-05 1e-05 1e-05 1e-05 1e-05 1e-05 1e-05 1e-05 0.43197 0.00678 0.561149 1e-05 1e-05
1e-05 0.004171 1e-05 1e-05 0.000551 1e-05 1e-05 1e-05 0.784806 1e-05 0.210382 1e-05 1e-05
1e-05 1e-05 1e-05 1e-05 1e-05 1e-05 1e-05 1e-05 0.368051 1e-05 0.631839 1e-05 1e-05
1e-05 1e-05 0.009684 0.019756 1e-05 0.000959 0.012267 1.8e-05 0.29818 1e-05 0.610656 0.037593 0.010847
0.013178 1e-05 0.041864 0.1283 0.011164 1e-05 0.15485 0.151293 0.015913 1e-05 0.33487 0.148528 1e-05
0.01099 1e-05 0.063839 0.262483 0.00948 0.009079 0.17309 0.197784 0.060907 0.022851 0.114155 0.067683 0.007649
0.003641 0.020336 0.022513 0.213305 1e-05 0.046766 0.166898 0.494453 1e-05 1e-05 0.023268 0.008779 1e-05
1e-05 0.007115 1e-05 0.369529 0.029107 0.002671 0.21651 0.368293 1e-05 1e-05 1e-05 1e-05 0.006714
0.014052 0.02523 0.012658 0.222809 0.013633 0.013244 0.147566 0.536892 1e-05 1e-05 0.010125 1e-05 0.003761
0.000429 0.013646 0.057188 0.219089 0.013546 1e-05 0.172867 0.504582 1e-05 0.015212 0.0034 1e-05 1e-05
1e-05 0.017347 0.056848 0.178025 0.000922 0.004522 0.203014 0.478815 0.009171 0.011814 0.020171 0.019332 1e-05
1e-05 0.02196 0.061451 0.210546 0.005841 0.007491 0.232818 0.431459 0.00476 1e-05 1e-05 0.021307 0.002336
1e-05 1e-05 1e-05 0.210618 0.00871 1e-05 0.407618 0.357843 1e-05 1e-05 0.015132 1e-05 1e-05
1e-05 1e-05 1e-05 0.180318 0.015912 1e-05 0.39532 0.40836 1e-05 1e-05 1e-05 1e-05 1e-05
1e-05 1e-05 0.008918 0.153198 0.035475 1e-05 0.218454 0.45561 0.018009 0.012307 0.078422 0.019276 3e-04
0.008964 1e-05 0.007417 0.156433 0.014385 0.013838 0.230715 0.445369 0.049006 0.005637 0.031599 0.033248 0.003378
1e-05 1e-05 0.007949 1e-05 0.00571 1e-05 1e-05 1e-05 0.436145 1e-05 0.547094 1e-05 0.003021
1e-05 1e-05 1e-05 1e-05 1e-05 1e-05 1e-05 1e-05 0.524831 1e-05 0.475059 1e-05 1e-05
1e-05 1e-05 1e-05 0.020483 0.000575 0.010889 1e-05 0.009778 0.330661 0.011496 0.591593 0.024476 1e-05
1e-05 1e-05 1e-05 1e-05 0.004933 1e-05 1e-05 1e-05 0.559093 1e-05 0.431371 1e-05 0.004513
0.001658 1e-05 1e-05 1e-05 0.003607 1e-05 1e-05 0.016374 0.231921 1e-05 0.640445 0.083469 0.022466
1e-05 1e-05 1e-05 1e-05 1e-05 1e-05 1e-05 1e-05 0.622984 0.012317 0.359916 1e-05 0.004693
1e-05 1e-05 1e-05 1e-05 1e-05 1e-05 1e-05 1e-05 0.094741 0.04307 0.441396 0.419479 0.001234
1e-05 0.013131 0.011717 0.014576 0.004451 1e-05 1.1e-05 1e-05 0.102963 0.00908 0.621596 0.214504 0.007941
0.010403 1e-05 0.008125 1e-05 1e-05 0.010008 0.021503 0.000165 0.187738 0.011063 0.620153 0.130802 1e-05
0.008226 0.019667 0.056822 0.131373 1e-05 1e-05 0.151683 0.149673 0.081825 0.021656 0.270513 0.108531 1e-05
1e-05 0.038704 0.055698 0.12299 1e-05 0.003336 0.14167 0.152542 0.0783 0.036608 0.23397 0.133536 0.002625
1e-05 0.010328 1e-05 0.36246 1e-05 0.03031 0.195574 0.393379 1e-05 0.007879 1e-05 1e-05 1e-05
0.003605 0.028084 1e-05 0.380315 1e-05 0.013152 0.18209 0.37702 1e-05 0.004987 0.002156 0.007258 0.001303
0.006339 1e-05 0.039419 0.148387 0.015542 1e-05 0.175047 0.545495 0.013906 0.022359 0.028609 1e-05 0.004867
0.001093 0.007143 0.034436 0.171899 0.015839 0.009833 0.143345 0.556727 0.010502 1e-05 0.013143 0.017839 0.018191
