1e-05 0.010071 0.989919
0.002779 1e-05 0.997211
0.007433 1e-05 0.992557
0.004727 0.010922 0.984352
0.011366 0.007837 0.980796
0.00061 0.010749 0.988641
1e-05 1e-05 0.99998
0.002555 1e-05 0.997435
1e-05 0.003642 0.996348
0.004039 0.003267 0.992694
1e-05 0.014 0.98599
0.000973 0.01987 0.979157
1e-05 1e-05 0.99998
1e-05 1e-05 0.99998
1e-05 0.028702 0.971288
1e-05 0.038399 0.961591
0.006072 1e-05 0.993918
1e-05 0.752738 0.247252
1e-05 0.708797 0.291193
0.005543 0.760303 0.234154
1e-05 0.841795 0.158195
0.016131 0.789113 0.194757
0.009612 0.811648 0.178739
1e-05 0.900868 0.099122
0.005025 0.889003 0.105971
0.016464 0.895929 0.087607
0.00437 0.905934 0.089696
1e-05 0.866741 0.133249
1e-05 0.857894 0.142096
0.008771 0.855457 0.135771
0.0226 0.828811 0.148589
1e-05 0.855623 0.144367
0.062279 0.875712 0.062009
0.066156 0.83873 0.095115
0.056285 0.852917 0.090798
0.060209 0.875131 0.064659
0.211092 0.758826 0.030081
1e-05 1e-05 0.99998
0.002101 0.070441 0.927458
0.006247 0.729284 0.264469
1e-05 0.684502 0.315488
1e-05 0.867616 0.132374
1e-05 0.825594 0.174396
0.002277 0.809935 0.187788
1e-05 0.757129 0.242861
0.007665 0.900415 0.091921
0.021656 0.88711 0.091234
0.008018 0.897392 0.09459
0.005611 0.854687 0.139703
1e-05 0.862308 0.137682
0.009464 0.8712 0.119336
0.063843 0.871791 0.064366
0.006751 1e-05 0.993239
0.005709 0.004191 0.9901
0.002939 0.008147 0.988914
1e-05 0.010769 0.989221
1e-05 0.0126 0.98739
1e-05 1e-05 0.99998
1e-05 1e-05 0.99998
1e-05 0.036172 0.963818
1e-05 0.705082 0.294908
1e-05 0.724768 0.275222
1e-05 0.711538 0.288452
0.006806 0.852133 0.141061
0.021112 0.820924 0.157964
0.01581 0.819211 0.164979
0.008594 0.892157 0.099249
0.003582 0.912178 0.08424
0.022198 0.897278 0.080524
1e-05 0.897441 0.102549
0.003966 0.838434 0.157601
1e-05 0.864177 0.135813
0.001929 1e-05 0.998061
1e-05 0.010448 0.989542
0.013004 0.001061 0.985935
0.003395 0.020204 0.976402
1e-05 0.013508 0.986482
1e-05 1e-05 0.99998
1e-05 1e-05 0.99998
1e-05 0.041804 0.958186
1e-05 0.736192 0.263798
1e-05 0.71887 0.28112
0.010353 0.689224 0.300423
0.020581 0.80987 0.169549
0.002582 0.826517 0.170901
0.0104 0.823336 0.166264
1e-05 0.840932 0.159058
0.005932 0.885046 0.109023
1e-05 0.888788 0.111202
1e-05 0.898014 0.101976
1e-05 0.84965 0.15034
0.00328 1e-05 0.99671
0.00658 1e-05 0.99341
0.003711 1e-05 0.996279
1e-05 0.021778 0.978212
1e-05 0.023242 0.976748
0.01104 0.003467 0.985494
1e-05 1e-05 0.99998
1e-05 0.050375 0.949615
1e-05 1e-05 0.99998
0.014663 0.011563 0.973774
0.004937 0.043134 0.951929
0.00094 0.744486 0.254574
1e-05 0.720415 0.279575
0.008083 0.6958 0.296118
0.008285 0.83562 0.156095
1e-05 0.780533 0.219457
0.003642 0.794133 0.202224
1e-05 0.863987 0.136003
1e-05 0.915621 0.084369
0.00103 0.902273 0.096697
0.006003 0.912597 0.081399
0.005879 0.851369 0.142752
0.009199 0.847632 0.143169
0.000175 0.000306 0.999519
1e-05 1e-05 0.99998
0.004443 0.001434 0.994122
1e-05 0.009163 0.990827
1e-05 1e-05 0.99998
1e-05 1e-05 0.99998
1e-05 1e-05 0.99998
0.002025 0.118071 0.879904
1e-05 0.006581 0.993409
1e-05 0.70127 0.29872
1e-05 0.705638 0.294352
1e-05 0.710757 0.289233
1e-05 0.865097 0.134893
0.004141 0.838105 0.157754
0.004474 0.829813 0.165713
1e-05 0.859257 0.140733
0.013218 0.907709 0.079073
0.006412 0.907361 0.086227
0.000762 0.887074 0.112164
1e-05 0.91675 0.08324
0.001501 0.813388 0.185111
1e-05 0.752119 0.247871
1e-05 1e-05 0.99998
0.008846 1e-05 0.991144
1e-05 1e-05 0.99998
0.010551 0.007525 0.981924
0.004532 0.000138 0.995329
1e-05 0.018595 0.981395
1e-05 1e-05 0.99998
1e-05 0.116623 0.883367
1e-05 0.00523 0.99476
1e-05 0.677538 0.322452
1e-05 0.724829 0.275161
1e-05 0.822928 0.177062
0.006784 0.765169 0.228046
0.00473 0.848077 0.147192
0.00925 0.88412 0.10663
0.002107 0.909067 0.088826
0.000258 0.900985 0.098757
1e-05 0.901233 0.098757
0.017403 0.850781 0.131816
1e-05 1e-05 0.99998
0.009247 8e-04 0.989953
0.011769 1e-05 0.988221
0.007697 0.014052 0.978251
0.00128 0.013899 0.984821
1e-05 1e-05 0.99998
1e-05 0.014005 0.985985
0.002413 0.683796 0.31379
1e-05 0.834952 0.165038
1e-05 0.834482 0.165508
1e-05 0.844712 0.155278
0.006094 0.835511 0.158396
0.016866 0.843927 0.139207
0.011106 0.889568 0.099326
0.003813 0.894007 0.102181
1e-05 0.84738 0.15261
0.005299 1e-05 0.994691
0.006167 1e-05 0.993823
1e-05 0.008633 0.991357
1e-05 0.031535 0.968455
1e-05 1e-05 0.99998
1e-05 0.859109 0.140881
1e-05 0.888606 0.111384
0.009193 0.854957 0.13585
0.005029 0.894682 0.100289
0.005643 0.900672 0.093686
0.016567 0.838075 0.145358
0.005803 0.854668 0.13953
0.015102 0.853569 0.13133
0.013074 0.848033 0.138893
0.059079 0.860111 0.08081
0.063481 0.870065 0.066454
0.053501 0.863752 0.082747
0.049797 0.874109 0.076094
0.05216 0.851999 0.09584
1e-05 1e-05 0.99998
1e-05 0.001189 0.998801
0.009149 0.009173 0.981678
0.001296 0.011184 0.98752
1e-05 0.013092 0.986898
1e-05 1e-05 0.99998
1e-05 1e-05 0.99998
1e-05 0.86643 0.13356
0.01156 0.841207 0.147233
0.007363 0.887141 0.105496
0.01526 0.881896 0.102844
0.008734 0.900614 0.090652
0.005608 0.919288 0.075104
0.009346 0.850606 0.140048
0.002899 0.865832 0.131269
0.007066 0.776402 0.216532
0.050833 0.862611 0.086556
0.050841 0.877727 0.071432
0.205051 0.77756 0.017389
0.008049 0.010103 0.981847
0.002953 0.002895 0.994153
0.004618 0.011512 0.98387
1e-05 1e-05 0.99998
0.013581 0.833125 0.153295
1e-05 0.856417 0.143573
0.013847 0.892295 0.093857
0.013996 0.899378 0.086626
0.015758 0.902291 0.081951
1e-05 0.805495 0.194495
1e-05 0.90078 0.09921
1e-05 0.819427 0.180563
0.064392 0.876921 0.058687
0.065346 0.851351 0.083303
0.069944 0.858878 0.071178
0.04929 0.84267 0.108039
0.174463 0.802187 0.02335
0.010763 0.823558 0.165679
0.006157 1e-05 0.993833
0.003084 0.009103 0.987813
1e-05 1.1e-05 0.999979
1e-05 0.002948 0.997042
0.002582 0.702622 0.294796
1e-05 0.637053 0.362937
0.003203 0.871775 0.125023
1e-05 0.818163 0.181827
0.005897 0.903112 0.09099
0.009199 0.899209 0.091592
0.007203 0.882635 0.110162
0.025677 0.836301 0.138022
1e-05 0.81768 0.18231
0.040505 0.874515 0.08498
0.05281 0.834215 0.112976
0.0588 0.85131 0.089889
0.065468 0.854589 0.079943
0.021031 0.826369 0.1526
0.008628 0.857971 0.133401
0.007195 0.785123 0.207681
0.045989 0.865373 0.088638
0.059964 0.871639 0.068397
0.046607 0.868939 0.084455
0.08343 0.846626 0.069944
0.183776 0.796755 0.019469
0.178887 0.792674 0.02844
0.046587 0.859756 0.093657
0.045249 0.855493 0.099258
0.073352 0.803885 0.122763
0.07942 0.858289 0.062291
0.083583 0.854352 0.062064
0.095839 0.869872 0.034289
0.066809 0.849033 0.084158
0.082224 0.856471 0.061305
0.109688 0.846147 0.044164
0.111151 0.835859 0.052989
0.321813 0.678177 1e-05
0.303756 0.696234 1e-05
0.315848 0.684142 1e-05
0.298042 0.695669 0.006289
0.003781 0.840207 0.156012
0.004264 0.84047 0.155266
0.00682 0.852094 0.141085
0.072909 0.83789 0.0892
0.063526 0.836291 0.100183
0.047614 0.876784 0.075602
0.054405 0.849531 0.096063
0.189379 0.777947 0.032674
0.036288 0.882114 0.081597
0.036487 0.852138 0.111375
0.068908 0.821498 0.109593
0.095792 0.851531 0.052678
0.071883 0.867274 0.060843
0.067662 0.844995 0.087342
0.091964 0.828651 0.079385
0.087461 0.844035 0.068505
0.127021 0.811519 0.06146
0.111304 0.833242 0.055454
0.315384 0.684606 1e-05
0.314544 0.685446 1e-05
0.311665 0.688325 1e-05
0.315967 0.684023 1e-05
1e-05 0.818985 0.181005
0.010384 0.849688 0.139928
1e-05 0.863134 0.136856
0.044937 0.83526 0.119802
0.056076 0.869812 0.074112
0.065808 0.858977 0.075215
0.049879 0.866703 0.083417
0.197194 0.758883 0.043923
0.203303 0.775818 0.020879
0.047886 0.799933 0.15218
0.053275 0.798889 0.147836
0.07518 0.847531 0.077289
0.076766 0.876437 0.046797
0.078037 0.857546 0.064417
0.096841 0.8441 0.059058
0.054905 0.859397 0.085699
0.08148 0.849788 0.068732
0.082089 0.852952 0.064959
0.088146 0.848647 0.063207
0.112874 0.825532 0.061595
0.310522 0.689468 1e-05
0.311988 0.688002 1e-05
0.318276 0.681714 1e-05
0.296956 0.703034 1e-05
0.000194 0.845701 0.154104
0.055806 0.822063 0.12213
0.104349 0.844055 0.051595
0.07949 0.840105 0.080405
0.175481 0.788876 0.035643
0.004124 0.871804 0.124071
0.208646 0.758986 0.032368
0.053287 0.860159 0.086553
0.071471 0.852208 0.076321
0.074852 0.857425 0.067722
0.087014 0.854995 0.05799
0.075548 0.860132 0.06432
0.070069 0.87057 0.05936
0.092681 0.837128 0.070191
0.092448 0.823264 0.084288
0.113877 0.822191 0.063932
0.100633 0.835303 0.064064
0.303184 0.696806 1e-05
0.309589 0.690401 1e-05
0.316768 0.683222 1e-05
0.301999 0.697991 1e-05
1e-05 0.006421 0.993569
0.298355 0.701635 1e-05
0.317096 0.672874 0.01003
0.308679 0.691311 1e-05
0.348908 0.651082 1e-05
0.32808 0.6683 0.00362
0.347735 0.642826 0.009439
0.316185 0.683805 1e-05
0.21202 0.754328 0.033653
0.302232 0.697758 1e-05
0.311506 0.685647 0.002847
0.337903 0.657939 0.004158
0.340197 0.659793 1e-05
0.32692 0.67307 1e-05
0.206037 0.766749 0.027214
0.317884 0.682106 1e-05
0.312124 0.686784 0.001091
0.302627 0.697363 1e-05
0.330133 0.662252 0.007615
0.316073 0.683917 1e-05
0.339485 0.660505 1e-05
0.323957 0.676033 1e-05
0.210725 0.767313 0.021962
1e-05 0.857382 0.142608
1e-05 0.864139 0.135851
0.03738 0.874082 0.088538
0.061859 0.823578 0.114563
0.060476 0.865003 0.07452
0.048821 0.883973 0.067205
0.052445 0.849283 0.098272
0.227942 0.7384 0.033657
0.19258 0.77637 0.03105
0.044814 0.85585 0.099336
0.03855 0.826355 0.135095
0.098326 0.855017 0.046656
0.082403 0.851146 0.066451
0.080513 0.847255 0.072232
0.092281 0.861842 0.045877
0.087906 0.867518 0.044576
0.104608 0.835301 0.060091
0.116831 0.845754 0.037414
0.314463 0.685527 1e-05
0.292564 0.707426 1e-05
0.314513 0.685477 1e-05
0.290981 0.709009 1e-05
0.21194 0.766379 0.021682
0.129125 0.813828 0.057047
0.071941 0.811241 0.116818
0.067818 0.848276 0.083905
0.093927 0.831337 0.074736
0.077764 0.857623 0.064613
0.079006 0.856026 0.064967
0.075664 0.852837 0.071499
0.074553 0.863701 0.061746
0.082747 0.860933 0.05632
0.120394 0.834277 0.045329
0.107353 0.825131 0.067517
0.30434 0.69565 1e-05
0.320154 0.679836 1e-05
0.302418 0.691362 0.006219
0.306024 0.693966 1e-05
0.313032 0.686958 1e-05
0.304199 0.695791 1e-05
0.34222 0.65777 1e-05
0.335558 0.664432 1e-05
0.325688 0.670251 0.004061
0.206324 0.77054 0.023135
0.216856 0.751904 0.031239
0.043726 0.85232 0.103953
0.065673 0.849253 0.085073
0.09213 0.846515 0.061355
0.079676 0.839834 0.08049
0.092359 0.843638 0.064003
0.101616 0.839905 0.058479
0.068063 0.857679 0.074258
0.065817 0.886285 0.047898
0.119736 0.819104 0.061159
0.314517 0.685473 1e-05
0.310084 0.689906 1e-05
0.283462 0.716528 1e-05
0.325354 0.674636 1e-05
0.299265 0.700725 1e-05
0.318862 0.675519 0.005619
0.307639 0.692351 1e-05
0.346583 0.653407 1e-05
0.331737 0.668253 1e-05
0.335054 0.664936 1e-05
0.245484 0.751225 0.003291
0.056587 0.824453 0.11896
0.051182 0.841495 0.107323
0.059385 0.850245 0.09037
0.090364 0.852349 0.057287
0.076057 0.864465 0.059478
0.087947 0.863493 0.04856
0.052343 0.868939 0.078718
0.092607 0.848893 0.058499
0.065551 0.871672 0.062777
0.094999 0.847067 0.057934
0.12451 0.812985 0.062504
0.293753 0.706237 1e-05
0.293414 0.706576 1e-05
0.295796 0.704194 1e-05
0.316837 0.677731 0.005432
0.317162 0.682828 1e-05
0.325997 0.673993 1e-05
0.286846 0.713144 1e-05
0.372744 0.627246 1e-05
0.311685 0.6881 0.000215
0.299609 0.697918 0.002473
0.184723 0.792629 0.022648
0.195707 0.774924 0.029369
0.056742 0.82162 0.121639
0.045853 0.845229 0.108918
0.084233 0.841751 0.074016
0.09621 0.820811 0.082979
0.080632 0.84968 0.069688
0.081379 0.855618 0.063003
0.082737 0.859626 0.057636
0.073393 0.865121 0.061487
0.080065 0.857362 0.062573
0.122493 0.81599 0.061517
0.104228 0.829046 0.066726
0.317191 0.679227 0.003582
0.305317 0.694673 1e-05
0.311448 0.688542 1e-05
0.303971 0.696019 1e-05
0.342163 0.657827 1e-05
0.289705 0.710285 1e-05
0.335073 0.664917 1e-05
0.331872 0.668118 1e-05
0.319479 0.680511 1e-05
0.346677 0.653313 1e-05
0.276892 0.721161 0.001946
0.191903 0.765753 0.042344
0.052848 0.860189 0.086963
0.066218 0.866787 0.066995
0.108598 0.834642 0.056759
0.089117 0.848892 0.061991
0.124697 0.820355 0.054948
0.109872 0.839444 0.050684
0.300165 0.698866 0.000969
0.32429 0.6757 1e-05
0.321004 0.678986 1e-05
0.298663 0.701327 1e-05
0.052567 0.850073 0.09736
0.331839 0.668151 1e-05
0.301554 0.698436 1e-05
0.343444 0.656546 1e-05
0.344821 0.655169 1e-05
0.354022 0.645968 1e-05
0.169301 0.807589 0.02311
0.285082 0.714908 1e-05
0.056056 0.815908 0.128036
0.029478 0.879674 0.090848
0.054488 0.803472 0.14204
0.086368 0.84508 0.068552
0.086468 0.839785 0.073747
0.063853 0.879661 0.056486
0.036607 0.845148 0.118245
0.071406 0.842838 0.085756
0.082059 0.844869 0.073072
0.078493 0.859087 0.06242
0.294913 0.705077 1e-05
0.365898 0.634092 1e-05
0.304969 0.695021 1e-05
0.301123 0.698867 1e-05
0.33424 0.66575 1e-05
0.316504 0.683486 1e-05
0.247611 0.742608 0.009781
0.20254 0.769787 0.027673
0.304419 0.695571 1e-05
0.087703 0.852544 0.059753
0.121936 0.807781 0.070283
0.105825 0.838955 0.055219
0.113077 0.834018 0.052905
0.314902 0.680523 0.004574
0.299596 0.700394 1e-05
0.309782 0.690208 1e-05
0.311467 0.688523 1e-05
0.303427 0.695427 0.001146
0.351419 0.648571 1e-05
0.315543 0.684447 1e-05
0.306685 0.693305 1e-05
0.333879 0.657263 0.008858
0.326045 0.673945 1e-05
0.274505 0.720422 0.005073
0.293692 0.690981 0.015328
0.301578 0.698412 1e-05
0.353865 0.646125 1e-05
0.306813 0.693177 1e-05
0.344197 0.641809 0.013995
0.177803 0.783268 0.038929
0.289208 0.699141 0.011651
0.279691 0.716945 0.003364
0.267575 0.730186 0.00224
0.308083 0.689671 0.002246
0.30163 0.695042 0.003328
0.333065 0.662723 0.004211
0.326137 0.673853 1e-05
0.310752 0.689238 1e-05
0.338519 0.661471 1e-05
0.347704 0.652286 1e-05
0.29026 0.689348 0.020392
0.174072 0.673113 0.152815
0.174851 0.677074 0.148075
0.187257 0.678455 0.134288
0.187115 0.688291 0.124595
0.018056 0.941048 0.040896
0.04632 0.932021 0.021659
0.019103 0.939564 0.041333
0.021269 0.947504 0.031227
0.002006 0.936962 0.061032
1e-05 0.9455 0.05449
1e-05 0.935673 0.064317
0.013136 0.945505 0.041359
0.051778 0.913463 0.034758
0.030277 0.928474 0.041248
0.297502 0.702488 1e-05
0.3141 0.68589 1e-05
0.318462 0.675236 0.006303
0.319153 0.680837 1e-05
0.334108 0.665882 1e-05
0.317916 0.682074 1e-05
0.268241 0.711425 0.020334
0.153047 0.672866 0.174086
0.167301 0.678375 0.154324
0.179462 0.687879 0.132659
0.024335 0.943307 0.032358
0.04107 0.937704 0.021227
0.354824 0.645166 1e-05
0.014195 0.941645 0.044159
0.015134 0.957082 0.027784
0.016919 0.933072 0.05001
1e-05 0.935413 0.064577
1e-05 0.936514 0.063476
0.013583 0.943129 0.043288
0.024857 0.930288 0.044855
0.024302 0.94824 0.027458
0.281184 0.718806 1e-05
0.306787 0.693203 1e-05
0.312855 0.687135 1e-05
0.33085 0.668628 0.000523
0.339935 0.660055 1e-05
0.334914 0.665076 1e-05
0.310723 0.689267 1e-05
0.322406 0.66923 0.008363
0.269743 0.710424 0.019833
0.158969 0.678268 0.162763
0.20055 0.684667 0.114784
0.033952 0.938414 0.027635
0.023412 0.932166 0.044422
0.04666 0.926284 0.027057
0.02956 0.941496 0.028944
0.035398 0.932155 0.032447
1e-05 0.931058 0.068932
1e-05 0.957006 0.042984
0.028509 0.939225 0.032265
0.025295 0.91638 0.058325
0.043379 0.924583 0.032038
0.04739 0.922206 0.030404
0.30089 0.6991 1e-05
0.305117 0.686058 0.008824
0.304078 0.695912 1e-05
0.294374 0.697709 0.007917
0.31055 0.68944 1e-05
0.318361 0.681629 1e-05
0.326567 0.665809 0.007625
0.322673 0.677317 1e-05
0.2586 0.715606 0.025794
0.159091 0.685632 0.155277
0.188419 0.685352 0.126229
0.026953 0.934424 0.038624
0.015371 0.944166 0.040462
0.006063 0.94138 0.052558
0.114316 0.832299 0.053385
0.125758 0.826348 0.047894
0.31946 0.68053 1e-05
0.303726 0.696264 1e-05
0.315939 0.684051 1e-05
0.005945 0.844375 0.14968
0.300784 0.692767 0.006449
0.309801 0.690189 1e-05
0.295578 0.704412 1e-05
0.292283 0.706579 0.001139
0.316673 0.676902 0.006426
0.34332 0.646538 0.010142
0.326249 0.670399 0.003352
0.327986 0.672004 1e-05
0.320818 0.679172 1e-05
0.287004 0.69655 0.016447
0.158664 0.679475 0.161861
0.183979 0.68632 0.129701
0.185768 0.696924 0.117307
0.043888 0.912117 0.043995
0.041669 0.917892 0.040439
0.041627 0.926854 0.031519
0.298357 0.700028 0.001616
0.302771 0.676306 0.020923
0.370914 0.629076 1e-05
0.337446 0.662544 1e-05
0.323406 0.674706 0.001888
0.306431 0.693559 1e-05
0.317526 0.682464 1e-05
0.300094 0.699563 0.000343
0.300313 0.699327 0.000361
0.348443 0.651547 1e-05
0.339342 0.655889 0.004769
0.329879 0.667579 0.002542
0.325978 0.673589 0.000433
0.326189 0.673801 1e-05
0.261636 0.71451 0.023854
0.171846 0.674751 0.153403
0.187462 0.698571 0.113967
0.036549 0.923658 0.039793
0.031799 0.936656 0.031545
0.01413 0.939788 0.046083
0.011457 0.954868 0.033675
0.005414 0.941461 0.053125
1e-05 0.952317 0.047673
0.02465 0.945081 0.03027
0.029012 0.907226 0.063762
0.035757 0.933066 0.031177
0.050315 0.908799 0.040886
0.055326 0.871957 0.072717
0.30096 0.68949 0.00955
0.294943 0.705047 1e-05
0.30174 0.69825 1e-05
0.296691 0.700093 0.003216
0.332308 0.663886 0.003805
0.329659 0.670331 1e-05
0.319396 0.677169 0.003434
0.321442 0.678548 1e-05
0.320994 0.678996 1e-05
0.162145 0.675986 0.161869
0.178085 0.687839 0.134076
0.037102 0.920527 0.042371
0.029847 0.928428 0.041724
0.035053 0.936828 0.028119
0.07175 0.894976 0.033273
0.056509 0.901154 0.042337
0.070758 0.898925 0.030317
0.932458 0.060206 0.007335
0.679201 0.292235 0.028565
0.182264 0.668745 0.14899
0.154464 0.679648 0.165888
0.185715 0.700653 0.113632
0.00563 0.942202 0.052168
0.291246 0.708744 1e-05
0.302712 0.697278 1e-05
0.296431 0.703559 1e-05
0.349555 0.650435 1e-05
0.354755 0.645235 1e-05
0.323274 0.676716 1e-05
1e-05 0.967465 0.032525
0.02113 0.948787 0.030082
1e-05 0.950939 0.049051
1e-05 0.941155 0.058835
0.006209 0.937209 0.056582
0.021693 0.92354 0.054767
0.049618 0.913797 0.036585
0.066284 0.886694 0.047022
0.99998 1e-05 1e-05
0.99998 1e-05 1e-05
0.99998 1e-05 1e-05
0.99998 1e-05 1e-05
0.99998 1e-05 1e-05
0.99998 1e-05 1e-05
0.299801 0.692889 0.00731
0.328641 0.671349 1e-05
0.294017 0.695455 0.010528
0.347254 0.652736 1e-05
0.329987 0.670003 1e-05
0.328016 0.671974 1e-05
0.330042 0.669948 1e-05
0.24268 0.730654 0.026666
0.155808 0.684857 0.159335
0.037932 0.921448 0.040621
0.013936 0.94038 0.045684
0.024224 0.943763 0.032013
0.99998 1e-05 1e-05
0.999712 1e-05 0.000278
1e-05 0.954247 0.045743
1e-05 0.934178 0.065812
1e-05 0.951695 0.048295
0.239441 0.726488 0.034072
0.167461 0.676018 0.156521
0.156469 0.684905 0.158626
0.047053 0.920431 0.032516
0.020755 0.938138 0.041108
0.021492 0.943076 0.035433
0.021414 0.928294 0.050292
0.021162 0.948627 0.030212
1e-05 0.937295 0.062695
1e-05 0.960169 0.039821
0.019264 0.936566 0.04417
0.026499 0.917819 0.055682
0.042097 0.914074 0.043829
0.042516 0.903653 0.05383
0.99998 1e-05 1e-05
0.99998 1e-05 1e-05
0.028283 0.928531 0.043186
0.001425 0.941225 0.05735
0.025353 0.930979 0.043667
0.016712 0.964667 0.018622
0.028583 0.942687 0.028729
0.000263 0.956795 0.042943
1e-05 0.93917 0.06082
0.000293 0.942077 0.05763
0.037567 0.917916 0.044518
0.039655 0.918295 0.04205
0.073511 0.903746 0.022743
0.089671 0.90024 0.010088
0.070679 0.889122 0.040199
0.941406 0.058584 1e-05
0.88817 0.10209 0.00974
0.865729 0.087777 0.046495
0.99998 1e-05 1e-05
0.99998 1e-05 1e-05
0.99998 1e-05 1e-05
0.99998 1e-05 1e-05
0.32273 0.67726 1e-05
0.314389 0.685601 1e-05
0.183903 0.793927 0.02217
1e-05 0.022018 0.977972
1e-05 0.02768 0.97231
0.003059 0.011113 0.985828
1e-05 0.694337 0.305653
1e-05 0.737173 0.262817
1e-05 0.850971 0.149019
0.003821 0.787576 0.208603
0.003684 0.764383 0.231933
0.041956 0.928045 0.029999
0.008999 0.943925 0.047076
1e-05 0.94044 0.05955
1e-05 0.93523 0.06476
0.031958 0.93349 0.034553
0.028414 0.90956 0.062026
0.0432 0.920674 0.036126
0.071163 0.897247 0.03159
0.99998 1e-05 1e-05
0.99998 1e-05 1e-05
0.99998 1e-05 1e-05
0.082527 0.881788 0.035684
0.072709 0.894914 0.032377
0.027594 0.934377 0.03803
0.005022 0.941873 0.053104
1e-05 0.957789 0.042201
0.004052 0.936769 0.059179
0.022197 0.928119 0.049684
0.022199 0.934744 0.043057
0.051116 0.913578 0.035306
0.035578 0.90095 0.063472
0.044673 0.902115 0.053212
0.077684 0.888325 0.033991
0.080782 0.888163 0.031056
0.85121 0.13083 0.017959
0.851456 0.144203 0.004341
0.862342 0.111702 0.025955
0.009301 0.022566 0.968133
1e-05 1e-05 0.99998
0.001222 0.728268 0.27051
1e-05 0.729958 0.270032
1e-05 0.850785 0.149205
1e-05 0.86814 0.13185
0.000561 0.028213 0.971225
1e-05 0.006957 0.993033
0.006492 0.70958 0.283929
0.00593 0.818246 0.175824
0.307609 0.692381 1e-05
0.308671 0.691319 1e-05
0.311683 0.688307 1e-05
0.329611 0.663639 0.00675
0.317422 0.680186 0.002392
0.333374 0.666616 1e-05
0.326487 0.667988 0.005525
0.99998 1e-05 1e-05
0.043795 0.904847 0.051357
0.084306 0.894564 0.02113
0.098841 0.872756 0.028403
0.893089 0.106901 1e-05
0.036542 0.906018 0.05744
0.070929 0.885097 0.043974
0.073063 0.875823 0.051114
0.910045 0.089332 0.000623
0.812346 0.138483 0.049172
0.99998 1e-05 1e-05
0.99998 1e-05 1e-05
0.99998 1e-05 1e-05
0.99998 1e-05 1e-05
0.99998 1e-05 1e-05
0.251287 0.719944 0.028769
0.154644 0.68846 0.156896
0.013145 0.946467 0.040388
0.008669 0.938162 0.05317
0.016047 0.942671 0.041283
0.034892 0.894332 0.070776
0.081245 0.904092 0.014663
0.065611 0.921506 0.012883
0.934392 0.064676 0.000932
0.925625 0.072722 0.001653
0.960458 0.037085 0.002458
0.787571 0.180907 0.031522
0.838406 0.1016 0.059994
0.99998 1e-05 1e-05
0.99998 1e-05 1e-05
0.106973 0.841789 0.051238
0.029219 0.929854 0.040927
0.015887 0.946685 0.037427
0.004503 0.935613 0.059884
1e-05 0.948474 0.051516
0.005481 0.94613 0.048389
0.032745 0.941213 0.026042
0.034738 0.923024 0.042238
0.050392 0.887479 0.062129
0.084942 0.888104 0.026954
0.08094 0.899771 0.019289
0.924251 0.072883 0.002865
0.898215 0.089631 0.012154
0.99998 1e-05 1e-05
0.043517 0.916363 0.04012
0.081726 0.900082 0.018193
0.079226 0.896851 0.023923
0.938136 0.061854 1e-05
0.889209 0.102652 0.008139
0.916004 0.068792 0.015204
0.68678 0.272096 0.041124
0.039196 0.906485 0.05432
0.089152 0.886883 0.023965
0.0791 0.881867 0.039032
0.897161 0.102829 1e-05
0.962941 0.037049 1e-05
0.038369 0.906209 0.055422
0.068156 0.904017 0.027827
0.059471 0.916987 0.023542
0.943579 0.055864 0.000557
0.947249 0.052741 1e-05
0.643137 0.309155 0.047708
0.910045 0.072178 0.017777
0.99998 1e-05 1e-05
0.080257 0.89609 0.023653
0.936685 0.063305 1e-05
0.784721 0.174677 0.040601
0.069009 0.866793 0.064198
0.073406 0.897536 0.029057
0.022564 0.93009 0.047346
0.31126 0.68873 1e-05
0.034877 0.925285 0.039838
0.2791 0.715904 0.004996
0.005701 0.935668 0.058631
0.313102 0.686888 1e-05
0.344405 0.655585 1e-05
0.016748 0.938201 0.045052
0.006277 0.96614 0.027583
0.316025 0.683965 1e-05
0.298297 0.701693 1e-05
0.034341 0.924342 0.041317
0.308547 0.68185 0.009602
0.30572 0.69427 1e-05
0.003188 0.944856 0.051956
0.157715 0.679672 0.162613
1e-05 0.936567 0.063423
0.018382 0.959313 0.022305
1e-05 0.933109 0.066881
0.320299 0.679691 1e-05
0.865265 0.12786 0.006876
0.968039 0.031951 1e-05
0.474846 0.510781 0.014372
0.88426 0.09959 0.01615
0.857851 0.127462 0.014687
0.99998 1e-05 1e-05
0.816942 0.170627 0.012431
0.969288 0.030702 1e-05
0.959515 0.040475 1e-05
0.957956 0.042034 1e-05
0.956589 0.031282 0.012129
0.862859 0.115458 0.021683
0.519191 0.456697 0.024112
0.868103 0.121956 0.009941
0.937454 0.040391 0.022156
0.962618 0.03463 0.002751
0.67258 0.306431 0.020988
0.957945 0.042045 1e-05
0.897037 0.094458 0.008505
0.820229 0.161603 0.018168
0.563714 0.4277 0.008586
0.971153 0.019724 0.009123
0.51618 0.443761 0.040059
0.964793 0.035197 1e-05
0.966993 0.032997 1e-05
0.845255 0.13824 0.016505
0.918707 0.07215 0.009143
0.908331 0.080687 0.010982
0.617931 0.313098 0.068971
0.99998 1e-05 1e-05
0.600286 0.383217 0.016497
0.99998 1e-05 1e-05
0.848936 0.132549 0.018515
0.531942 0.454683 0.013376
0.976893 0.022516 0.000591
0.965063 0.032633 0.002304
0.937433 0.032477 0.03009
0.933002 0.043711 0.023287
0.869758 0.120165 0.010077
0.838983 0.129923 0.031093
0.932052 0.063497 0.004452
0.99998 1e-05 1e-05
0.997982 0.002008 1e-05
0.672329 0.26876 0.058912
0.676501 0.276178 0.047321
0.971145 0.028845 1e-05
0.99845 1e-05 0.00154
0.982086 0.013811 0.004103
0.987103 0.012887 1e-05
0.9865 0.008952 0.004548
0.92412 0.07587 1e-05
0.560666 0.404607 0.034727
0.96517 0.03482 1e-05
0.828219 0.171771 1e-05
0.99507 0.00492 1e-05
0.898971 0.101019 1e-05
0.970932 0.017848 0.01122
0.964612 0.020581 0.014808
0.925351 0.074639 1e-05
0.705634 0.267197 0.027168
0.973472 0.004474 0.022054
0.878057 0.121933 1e-05
0.672259 0.303518 0.024223
0.988005 0.011985 1e-05
0.947579 0.052411 1e-05
0.828079 0.155971 0.01595
0.971161 0.018654 0.010185
0.879253 0.120737 1e-05
0.91512 0.08487 1e-05
0.718017 0.212461 0.069522
0.920977 0.06466 0.014363
0.971751 0.020277 0.007972
0.970461 0.022072 0.007467
0.991734 0.001722 0.006544
0.99998 1e-05 1e-05
0.999876 0.000114 1e-05
0.755945 0.226346 0.017709
0.590203 0.398521 0.011277
0.940706 0.046177 0.013118
0.99998 1e-05 1e-05
0.99998 1e-05 1e-05
0.941529 0.049486 0.008984
0.497032 0.479495 0.023473
0.99998 1e-05 1e-05
0.817706 0.133514 0.04878
0.907587 0.078535 0.013878
0.99998 1e-05 1e-05
0.963528 0.025239 0.011233
0.862573 0.112326 0.025102
0.814808 0.159509 0.025683
0.946527 0.044574 0.008899
0.595128 0.379594 0.025278
0.965628 0.034362 1e-05
0.668905 0.158299 0.172796
0.963494 0.033433 0.003074
0.99998 1e-05 1e-05
0.991003 0.007957 0.00104
0.933896 0.059088 0.007016
0.97543 0.022208 0.002361
0.995298 0.004692 1e-05
0.990585 0.009405 1e-05
0.686464 0.253127 0.060409
0.939847 0.054323 0.00583
0.992122 0.001406 0.006472
0.96929 0.029083 0.001627
0.986762 1e-05 0.013228
0.99998 1e-05 1e-05
0.998802 1e-05 0.001188
0.675588 0.324402 1e-05
0.99998 1e-05 1e-05
0.99998 1e-05 1e-05
0.99998 1e-05 1e-05
0.836158 0.152232 0.01161
0.99998 1e-05 1e-05
0.99998 1e-05 1e-05
0.768403 0.194223 0.037374
0.99998 1e-05 1e-05
0.972727 0.019155 0.008118
0.800575 0.194224 0.005202
0.953061 1e-05 0.046929
0.994047 1e-05 0.005943
0.99607 1e-05 0.00392
0.999685 1e-05 0.000305
0.99998 1e-05 1e-05
0.907595 0.023232 0.069172
0.947594 0.048673 0.003732
0.542958 0.437053 0.019988
0.505106 0.461179 0.033715
0.9939 0.003036 0.003064
0.99998 1e-05 1e-05
0.99998 1e-05 1e-05
0.542318 0.432697 0.024985
0.956166 0.026883 0.016952
0.579563 0.388597 0.03184
0.977155 0.017094 0.005751
0.899606 0.069898 0.030496
0.961798 0.038192 1e-05
0.994954 0.004466 0.00058
0.99998 1e-05 1e-05
0.991096 1e-05 0.008894
0.987468 0.008428 0.004104
0.701198 0.268317 0.030485
0.73691 0.245566 0.017525
0.997641 0.002349 1e-05
0.98466 0.001558 0.013782
0.998886 1e-05 0.001104
0.771994 0.1778 0.050206
0.99998 1e-05 1e-05
0.780416 0.114361 0.105223
0.99998 1e-05 1e-05
0.916741 0.069013 0.014246
0.99998 1e-05 1e-05
0.999849 1e-05 0.000141
0.968599 0.03087 0.000532
0.842953 0.140535 0.016512
0.999978 1.2e-05 1e-05
0.99998 1e-05 1e-05
0.99998 1e-05 1e-05
0.872558 0.108947 0.018495
0.980146 0.00831 0.011543
0.730654 0.256035 0.01331
0.99998 1e-05 1e-05
0.99998 1e-05 1e-05
0.99998 1e-05 1e-05
0.99998 1e-05 1e-05
0.981381 0.012146 0.006473
0.937812 0.03843 0.023758
0.948941 0.051049 1e-05
0.747739 0.191263 0.060998
0.834451 0.130246 0.035303
0.99998 1e-05 1e-05
0.99998 1e-05 1e-05
0.993359 1e-05 0.006631
0.795042 0.188853 0.016105
0.99998 1e-05 1e-05
0.986696 0.010353 0.002951
0.849793 0.125696 0.024512
0.850934 0.129417 0.019649
0.717749 0.255794 0.026456
0.574486 0.400545 0.024969
0.992624 1e-05 0.007366
0.700456 0.221603 0.077941
0.903031 0.060629 0.03634
0.993994 0.001926 0.00408
0.687237 0.216225 0.096539
0.925247 0.06497 0.009783
0.993018 1e-05 0.006972
0.99018 1e-05 0.00981
0.99998 1e-05 1e-05
0.99998 1e-05 1e-05
0.99998 1e-05 1e-05
0.995994 0.003996 1e-05
0.725136 0.128769 0.146095
0.930253 0.044352 0.025395
0.99998 1e-05 1e-05
0.973807 0.026183 1e-05
0.885571 0.084968 0.029461
0.989927 0.007565 0.002508
0.99998 1e-05 1e-05
0.99998 1e-05 1e-05
0.99998 1e-05 1e-05
0.99998 1e-05 1e-05
0.822465 0.140205 0.03733
0.99998 1e-05 1e-05
0.985057 0.014081 0.000862
0.594818 0.231411 0.173771
0.681291 0.303944 0.014765
0.906078 0.032837 0.061085
0.928744 0.035523 0.035732
0.935637 0.036184 0.028179
0.99998 1e-05 1e-05
0.99998 1e-05 1e-05
0.607642 0.392348 1e-05
0.970263 0.029727 1e-05
0.909066 0.082094 0.008839
0.90609 0.092653 0.001257
0.858239 0.130586 0.011175
0.930736 0.063029 0.006235
0.981213 0.003386 0.015401
0.493077 0.489236 0.017687
0.950686 0.033672 0.015642
0.553461 0.440558 0.005981
0.533689 0.449675 0.016636
0.737806 0.23208 0.030114
0.908367 0.055205 0.036429
0.889022 0.10524 0.005738
0.531898 0.450209 0.017893
0.991187 1e-05 0.008803
0.99998 1e-05 1e-05
0.99998 1e-05 1e-05
0.996223 0.003767 1e-05
0.99998 1e-05 1e-05
0.970212 0.029778 1e-05
0.99998 1e-05 1e-05
0.997545 0.002445 1e-05
0.99998 1e-05 1e-05
0.99998 1e-05 1e-05
0.99998 1e-05 1e-05
0.96511 0.02979 0.005101
0.644062 0.347376 0.008562
0.985994 0.013416 0.00059
0.988159 0.008014 0.003827
0.97591 0.021267 0.002823
0.99998 1e-05 1e-05
0.994453 0.005537 1e-05
0.5452 0.449613 0.005187
0.99998 1e-05 1e-05
0.99998 1e-05 1e-05
0.99296 1e-05 0.00703
0.529618 0.470372 1e-05
0.999394 0.000596 1e-05
0.99998 1e-05 1e-05
0.801063 0.144782 0.054155
0.973712 0.026278 1e-05
0.99998 1e-05 1e-05
0.773351 0.195774 0.030874
0.998093 0.001897 1e-05
0.852866 0.141267 0.005867
0.729276 0.212712 0.058012
0.623058 0.366629 0.010313
0.013518 0.234559 0.751923
0.04354 0.940004 0.016456
0.025417 0.93174 0.042843
0.013283 0.955448 0.031269
0.029189 0.935079 0.035732
0.044277 0.921325 0.034398
0.032533 0.943966 0.023501
0.038719 0.937371 0.02391
0.033734 0.940888 0.025378
0.034516 0.942959 0.022524
0.013541 0.937872 0.048587
0.041951 0.913224 0.044825
0.045885 0.909332 0.044783
0.044627 0.91695 0.038424
0.033301 0.939296 0.027403
0.035744 0.925236 0.03902
0.027892 0.940697 0.031411
0.021565 0.929904 0.048531
0.053579 0.910202 0.036219
0.037366 0.92814 0.034494
0.029208 0.924957 0.045836
0.050537 0.901857 0.047606
0.036894 0.9181 0.045006
0.032186 0.923417 0.044397
0.038487 0.935453 0.026061
0.294243 0.695754 0.010003
0.309266 0.690724 1e-05
0.322421 0.676199 0.001379
0.317678 0.672016 0.010306
0.309545 0.690445 1e-05
0.308878 0.691112 1e-05
0.288932 0.711058 1e-05
0.304555 0.695435 1e-05
0.324003 0.675987 1e-05
0.315999 0.683991 1e-05
0.29704 0.70295 1e-05
0.304591 0.6946 0.000809
0.304236 0.695754 1e-05
0.314327 0.685663 1e-05
0.335114 0.664876 1e-05
0.313811 0.686179 1e-05
0.322665 0.677325 1e-05
0.324209 0.675781 1e-05
0.313372 0.686618 1e-05
0.344961 0.65144 0.0036
0.28584 0.71415 1e-05
0.315952 0.684038 1e-05
0.313417 0.686573 1e-05
0.289765 0.710225 1e-05
0.294708 0.705282 1e-05
0.281838 0.718152 1e-05
0.314366 0.682996 0.002638
0.299489 0.700501 1e-05
0.313267 0.684543 0.00219
0.316705 0.67889 0.004405
0.321273 0.678717 1e-05
0.313016 0.686974 1e-05
0.313508 0.682493 0.003998
0.300967 0.694971 0.004062
0.31237 0.68762 1e-05
0.304316 0.695674 1e-05
0.308211 0.687113 0.004675
0.298716 0.701274 1e-05
0.317326 0.679363 0.003311
0.306954 0.687138 0.005907
0.317039 0.682951 1e-05
0.322416 0.675181 0.002403
0.315172 0.684818 1e-05
0.301813 0.698177 1e-05
0.297639 0.702351 1e-05
0.301527 0.698463 1e-05
0.309777 0.690213 1e-05
0.296056 0.703934 1e-05
0.305899 0.694091 1e-05
0.312074 0.687916 1e-05
0.313693 0.686297 1e-05
0.310909 0.689081 1e-05
0.31808 0.68191 1e-05
0.309599 0.690391 1e-05
0.314711 0.685279 1e-05
0.299593 0.700397 1e-05
0.284644 0.715346 1e-05
0.315021 0.679726 0.005254
0.312552 0.687438 1e-05
0.310535 0.679561 0.009905
0.317001 0.682989 1e-05
0.311871 0.688119 1e-05
0.313909 0.686081 1e-05
0.316301 0.683689 1e-05
0.319115 0.680875 1e-05
0.328656 0.671334 1e-05
0.303171 0.696819 1e-05
0.299586 0.700404 1e-05
0.309131 0.689832 0.001037
0.291345 0.702521 0.006134
0.30474 0.69525 1e-05
0.305681 0.694309 1e-05
0.31274 0.685676 0.001585
0.297442 0.702548 1e-05
0.315114 0.684876 1e-05
0.29884 0.693992 0.007168
0.32151 0.67848 1e-05
0.326935 0.673055 1e-05
0.315794 0.684196 1e-05
0.301051 0.698939 1e-05
0.309273 0.690717 1e-05
0.297924 0.702066 1e-05
0.305252 0.694738 1e-05
0.311042 0.688948 1e-05
0.318973 0.681017 1e-05
0.318364 0.681626 1e-05
0.096813 0.840507 0.06268
0.102363 0.839351 0.058285
0.093702 0.817018 0.08928
0.09964 0.844 0.05636
0.078744 0.84601 0.075246
0.306666 0.693324 1e-05
1e-05 0.027167 0.972823
0.002468 0.038911 0.958621
1e-05 0.025553 0.974437
0.01612 0.038159 0.945721
0.006677 0.03259 0.960733
0.121184 0.794949 0.083867
0.427978 0.493423 0.078599
0.403649 0.512739 0.083612
0.008502 0.941003 0.050496
0.002585 1e-05 0.997405
0.000111 1e-05 0.999879
1e-05 1e-05 0.99998
1e-05 1e-05 0.99998
1e-05 1e-05 0.99998
1e-05 1e-05 0.99998
1e-05 1e-05 0.99998
1e-05 1e-05 0.99998
1e-05 1e-05 0.99998
1e-05 1e-05 0.99998
1e-05 1e-05 0.99998
1e-05 1e-05 0.99998
1e-05 1e-05 0.99998
1e-05 1e-05 0.99998
1e-05 1e-05 0.99998
1e-05 1e-05 0.99998
1e-05 1e-05 0.99998
1e-05 1e-05 0.99998
1e-05 1.3e-05 0.999977
0.26482 0.734089 0.001091
0.263188 0.722025 0.014787
0.26659 0.71683 0.016579
0.282015 0.70134 0.016645
0.261107 0.738883 1e-05
0.278877 0.703027 0.018096
0.282697 0.706237 0.011065
0.252558 0.746412 0.00103
0.274776 0.714321 0.010903
0.262605 0.715187 0.022208
0.242998 0.756992 1e-05
0.254452 0.742206 0.003341
0.272062 0.714435 0.013503
0.271491 0.716218 0.012291
0.285415 0.704211 0.010374
0.272681 0.70694 0.020379
0.26827 0.73172 1e-05
0.261129 0.738861 1e-05
0.254236 0.745754 1e-05
0.266212 0.733778 1e-05
0.260498 0.731246 0.008256
0.280676 0.716132 0.003192
0.263531 0.72992 0.006549
0.276846 0.723144 1e-05
0.269414 0.730576 1e-05
0.262406 0.731808 0.005786
0.266799 0.714844 0.018357
0.27508 0.703659 0.021261
0.281337 0.711285 0.007378
0.268579 0.728546 0.002875
0.288632 0.702529 0.008839
0.250146 0.740374 0.00948
0.251428 0.726228 0.022343
0.277197 0.710934 0.01187
0.262049 0.727737 0.010214
0.322118 0.667147 0.010735
0.33336 0.66663 1e-05
0.336244 0.659457 0.004299
0.331576 0.668414 1e-05
0.357091 0.642899 1e-05
0.334301 0.665689 1e-05
0.313061 0.678513 0.008426
0.347599 0.652391 1e-05
0.337801 0.662189 1e-05
0.346813 0.653177 1e-05
0.326619 0.673371 1e-05
0.329114 0.670876 1e-05
0.343919 0.656071 1e-05
0.99998 1e-05 1e-05
0.99998 1e-05 1e-05
0.998705 0.001285 1e-05
0.99998 1e-05 1e-05
0.992268 0.00758 0.000152
0.99998 1e-05 1e-05
0.913624 0.075857 0.010518
0.872964 0.113339 0.013696
0.943969 0.056021 1e-05
0.950072 0.049531 0.000396
0.893785 0.099173 0.007042
0.931801 0.06027 0.007929
0.860304 0.133331 0.006365
0.893605 0.106385 1e-05
0.865416 0.120395 0.014189
0.952791 0.047199 1e-05
0.825007 0.151074 0.023919
0.894986 0.104748 0.000266
0.893523 0.101641 0.004835
0.826693 0.162083 0.011223
0.932455 0.067535 1e-05
0.941803 0.057606 0.000592
0.919863 0.080127 1e-05
0.798693 0.186958 0.014349
0.881157 0.117241 0.001602
0.793193 0.186004 0.020803
0.933766 0.066224 1e-05
0.900691 0.084359 0.01495
0.897758 0.093305 0.008937
0.86813 0.120662 0.011208
0.966471 0.029118 0.004411
0.847945 0.129613 0.022442
0.988025 1e-05 0.011965
0.993917 1e-05 0.006073
0.919191 0.077041 0.003768
0.839881 0.138052 0.022067
0.816685 0.164057 0.019258
0.99998 1e-05 1e-05
0.898297 0.093821 0.007882
0.99998 1e-05 1e-05
0.981564 0.018426 1e-05
0.921268 0.07325 0.005482
0.885946 0.102813 0.011241
0.729139 0.243846 0.027015
0.911274 0.079837 0.008889
0.948359 0.048491 0.003149
0.800018 0.178381 0.021601
0.950674 0.049316 1e-05
0.991541 1e-05 0.008449
0.99998 1e-05 1e-05
0.99998 1e-05 1e-05
0.99998 1e-05 1e-05
0.99998 1e-05 1e-05
0.99998 1e-05 1e-05
0.99998 1e-05 1e-05
0.99998 1e-05 1e-05
0.99998 1e-05 1e-05
0.99998 1e-05 1e-05
0.99998 1e-05 1e-05
0.99998 1e-05 1e-05
0.99998 1e-05 1e-05
0.99998 1e-05 1e-05
0.99998 1e-05 1e-05
0.99998 1e-05 1e-05
0.99998 1e-05 1e-05
0.274574 0.719807 0.005619
0.305622 0.694368 1e-05
0.258817 0.739349 0.001834
0.294995 0.704584 0.000421
0.296404 0.697583 0.006013
0.329113 0.664299 0.006588
0.295765 0.689491 0.014744
0.301916 0.69419 0.003894
0.253896 0.732806 0.013298
0.306587 0.689188 0.004225
0.317244 0.682746 1e-05
0.280522 0.705826 0.013651
0.272895 0.712354 0.014751
0.270347 0.716432 0.013221
0.283812 0.685244 0.030944
0.271381 0.715233 0.013386
0.286075 0.711763 0.002162
0.288687 0.698693 0.012621
0.292879 0.705982 0.00114
0.290378 0.704518 0.005105
0.290697 0.709293 1e-05
0.288561 0.696495 0.014943
0.276452 0.711965 0.011584
0.345167 0.654823 1e-05
0.360791 0.627583 0.011626
0.38486 0.61513 1e-05
0.347004 0.652986 1e-05
0.320228 0.679762 1e-05
0.356971 0.643019 1e-05
0.315536 0.684454 1e-05
0.359501 0.640489 1e-05
0.3616 0.63839 1e-05
0.346499 0.653491 1e-05
0.349574 0.650416 1e-05
0.355565 0.644425 1e-05
0.319302 0.680688 1e-05
0.339356 0.660634 1e-05
0.35105 0.64894 1e-05
0.327654 0.672336 1e-05
0.304466 0.695524 1e-05
0.319198 0.672705 0.008097
0.299024 0.700966 1e-05
0.32044 0.673467 0.006093
0.335108 0.664882 1e-05
0.311763 0.688227 1e-05
0.316482 0.683277 0.000241
0.310777 0.689213 1e-05
0.312099 0.687891 1e-05
0.325208 0.668776 0.006016
0.303871 0.696119 1e-05
0.339695 0.660295 1e-05
0.291624 0.708366 1e-05
0.306576 0.675508 0.017917
0.591342 0.408648 1e-05
0.450889 0.534406 0.014705
0.425091 0.569095 0.005814
0.3196 0.667482 0.012918
0.334142 0.665848 1e-05
0.332997 0.658658 0.008345
0.605566 0.394424 1e-05
0.611744 0.388246 1e-05
0.566358 0.433632 1e-05
0.497745 0.501063 0.001192
0.46816 0.53183 1e-05
0.603473 0.396517 1e-05
0.56436 0.43563 1e-05
0.567759 0.432231 1e-05
0.49256 0.50743 1e-05
0.196587 0.791492 0.011921
0.164098 0.80626 0.029642
0.232822 0.746321 0.020857
0.151521 0.830221 0.018258
0.334356 0.651494 0.01415
0.259612 0.721576 0.018812
0.211786 0.759512 0.028702
0.373699 0.626291 1e-05
0.381323 0.618667 1e-05
0.377526 0.621166 0.001308
0.393982 0.605592 0.000426
0.39604 0.60395 1e-05
0.373421 0.626569 1e-05
0.367089 0.632901 1e-05
0.399576 0.600414 1e-05
0.326412 0.666982 0.006606
0.302154 0.688161 0.009685
0.319942 0.676191 0.003867
0.315863 0.672441 0.011696
0.308256 0.684895 0.006849
0.332336 0.667654 1e-05
0.322128 0.676782 0.001089
0.311463 0.674969 0.013568
0.317352 0.682638 1e-05
0.313721 0.681414 0.004864
0.321153 0.676717 0.00213
0.316571 0.682267 0.001163
0.318272 0.672528 0.009199
0.327115 0.672875 1e-05
0.312997 0.686613 0.000389
0.331829 0.668161 1e-05
0.328974 0.671016 1e-05
0.315412 0.684578 1e-05
0.30641 0.681442 0.012149
0.319353 0.680637 1e-05
0.318777 0.675788 0.005435
0.458051 0.541939 1e-05
0.47035 0.528043 0.001607
0.470248 0.529742 1e-05
0.466644 0.533346 1e-05
0.487852 0.512138 1e-05
0.457979 0.542011 1e-05
0.467444 0.532546 1e-05
0.456647 0.543343 1e-05
0.472678 0.527312 1e-05
0.481177 0.518813 1e-05
0.294817 0.690556 0.014626
0.30703 0.685321 0.00765
0.313149 0.686841 1e-05
0.29822 0.700644 0.001136
0.311132 0.679242 0.009627
0.292065 0.702358 0.005577
0.289337 0.710653 1e-05
0.29615 0.69662 0.00723
0.501121 0.498869 1e-05
0.481476 0.518514 1e-05
0.530277 0.469713 1e-05
0.495733 0.504257 1e-05
0.482629 0.517361 1e-05
0.501125 0.498865 1e-05
0.504012 0.495978 1e-05
0.490129 0.509861 1e-05
0.504705 0.495285 1e-05
0.484498 0.515492 1e-05
0.526941 0.472616 0.000443
0.194697 0.777398 0.027906
0.499127 0.500863 1e-05
0.530689 0.467212 0.0021
0.472434 0.527556 1e-05
0.511958 0.488032 1e-05
0.500528 0.499462 1e-05
0.515741 0.484249 1e-05
0.521601 0.478389 1e-05
0.49126 0.50873 1e-05
0.504303 0.495687 1e-05
0.506317 0.493673 1e-05
0.548705 0.451285 1e-05
0.49506 0.50493 1e-05
0.515945 0.484045 1e-05
0.504035 0.495955 1e-05
0.492874 0.507116 1e-05
0.518957 0.481033 1e-05
0.50107 0.49892 1e-05
0.514711 0.485279 1e-05
0.554905 0.445085 1e-05
0.574068 0.425922 1e-05
0.587668 0.412322 1e-05
0.581963 0.418027 1e-05
0.592256 0.407734 1e-05
0.597571 0.402419 1e-05
0.593645 0.406345 1e-05
0.577845 0.422145 1e-05
0.585043 0.414947 1e-05
0.582716 0.417274 1e-05
0.611003 0.388987 1e-05
0.586561 0.413429 1e-05
0.57871 0.42128 1e-05
0.60184 0.39815 1e-05
0.585435 0.414555 1e-05
0.586263 0.413727 1e-05
0.589645 0.410345 1e-05
0.396857 0.603133 1e-05
0.388 0.61199 1e-05
0.391383 0.608607 1e-05
0.38224 0.61775 1e-05
0.393272 0.606718 1e-05
0.382158 0.617832 1e-05
0.406729 0.592958 0.000312
0.379008 0.620982 1e-05
0.404756 0.595234 1e-05
0.387488 0.612502 1e-05
0.395336 0.604654 1e-05
0.393142 0.606848 1e-05
0.393642 0.606348 1e-05
