1e-05 1e-05 1e-05 0.987155 0.010656 0.000649 0.00151
1e-05 1e-05 1e-05 0.993515 0.00288 1e-05 0.003565
1e-05 1e-05 0.008769 0.991181 1e-05 1e-05 1e-05
1e-05 1e-05 0.001379 0.981638 0.001082 0.011262 0.00462
1e-05 0.004055 0.011292 0.979493 0.00513 1e-05 1e-05
1e-05 0.008052 3.9e-05 0.987314 0.004566 1e-05 1e-05
1e-05 1e-05 1e-05 0.99994 1e-05 1e-05 1e-05
0.002021 1e-05 1e-05 0.995379 1e-05 0.00256 1e-05
1e-05 1e-05 1e-05 0.993402 0.002544 0.004014 1e-05
1e-05 1e-05 1e-05 0.989788 0.001721 1e-05 0.008451
1e-05 0.009001 1e-05 0.986574 0.004385 1e-05 1e-05
1e-05 0.014951 0.00552 0.97755 0.001386 1e-05 0.000573
1e-05 1e-05 1e-05 0.99994 1e-05 1e-05 1e-05
1.1e-05 1e-05 1e-05 0.999939 1e-05 1e-05 1e-05
1e-05 0.017291 1e-05 0.969254 0.013416 1e-05 1e-05
1e-05 0.007212 1e-05 0.957342 0.003014 0.032402 1e-05
1e-05 1e-05 0.006537 0.992479 0.000943 1e-05 1e-05
1e-05 0.68489 1e-05 0.218505 0.017069 0.079506 1e-05
1e-05 0.692652 1e-05 0.266018 0.035599 0.005701 1e-05
0.002746 0.659603 1e-05 0.201828 0.018598 0.117205 1e-05
1e-05 0.731777 1e-05 0.120304 0.011036 0.136854 1e-05
0.003796 0.670505 0.004259 0.160739 0.003602 0.143041 0.014058
1e-05 0.678929 1e-05 0.139655 0.044295 0.137091 1e-05
1e-05 0.75569 1e-05 0.058445 1e-05 0.185824 1e-05
0.003098 0.754366 1e-05 0.064717 0.014735 0.163064 1e-05
0.004383 0.74152 1e-05 0.041222 0.016545 0.195907 0.000414
1e-05 0.763837 1e-05 0.044449 0.015889 0.165931 0.009874
1e-05 0.709734 1e-05 0.09054 0.026498 0.173198 1e-05
1e-05 0.71928 1e-05 0.097594 0.003995 0.179101 1e-05
1e-05 0.720375 1e-05 0.095578 0.022772 0.161246 1e-05
1e-05 0.714556 0.017538 0.110017 0.02712 0.130749 1e-05
1e-05 0.699654 1e-05 0.105004 0.031939 0.163372 1e-05
0.010526 0.414485 0.018066 1e-05 1e-05 0.543601 0.013302
1e-05 0.357247 0.029532 0.030742 1e-05 0.566948 0.015511
1e-05 0.366109 0.01881 0.018783 1e-05 0.585899 0.010379
0.008831 0.439514 0.006754 0.001486 1e-05 0.505518 0.037886
1e-05 0.2489 0.037619 0.00489 0.307887 0.20672 0.193974
1e-05 1e-05 1e-05 0.99994 1e-05 1e-05 1e-05
1e-05 0.059014 0.005829 0.925377 1e-05 0.00975 1e-05
1e-05 0.677504 1e-05 0.241138 0.046901 0.034428 1e-05
1e-05 0.659576 1e-05 0.293646 0.028557 0.018191 1e-05
1e-05 0.740995 1e-05 0.092292 0.013578 0.153105 1e-05
1e-05 0.722848 1e-05 0.140681 0.039581 0.09686 1e-05
0.000121 0.680496 1e-05 0.148908 0.006805 0.163649 1e-05
1e-05 0.662295 1e-05 0.213543 0.030441 0.093637 6.4e-05
1e-05 0.749288 0.011162 0.04477 1e-05 0.188664 0.006097
0.014801 0.755126 1e-05 0.048216 0.038898 0.142938 1e-05
0.002733 0.750797 1e-05 0.044292 0.007208 0.19495 1e-05
1e-05 0.688606 1e-05 0.092865 0.010794 0.207705 1e-05
1e-05 0.72993 1e-05 0.09879 0.028997 0.142253 1e-05
1e-05 0.725577 1e-05 0.078911 0.034118 0.161364 1e-05
0.024904 0.441947 0.000178 0.00228 1e-05 0.490629 0.040052
1e-05 1e-05 0.000687 0.988253 1e-05 1e-05 0.01102
1e-05 1e-05 0.004195 0.98568 0.004397 0.005698 1e-05
1e-05 1e-05 0.002007 0.982599 0.000755 0.01461 1e-05
1e-05 0.003993 1e-05 0.988078 0.003047 0.004851 1e-05
1e-05 0.010965 1e-05 0.984911 1e-05 0.002907 0.001187
1e-05 1e-05 1e-05 0.99994 1e-05 1e-05 1e-05
1e-05 1e-05 0.001089 0.998861 1e-05 1e-05 1e-05
1e-05 0.009003 0.004926 0.957807 0.001579 0.026666 1e-05
1e-05 0.710298 1e-05 0.271252 0.01841 1e-05 1e-05
1e-05 0.689516 1e-05 0.250659 0.044616 0.01518 1e-05
1e-05 0.652459 1e-05 0.268669 0.050444 0.028398 1e-05
1e-05 0.686263 1e-05 0.097972 0.035035 0.170127 0.010583
0.003232 0.725606 0.017206 0.117768 1e-05 0.136169 1e-05
1e-05 0.68148 0.007924 0.128724 0.025969 0.155882 1e-05
1e-05 0.750589 0.002557 0.054076 0.013186 0.179572 1e-05
1e-05 0.772627 1e-05 0.040136 0.030545 0.156662 1e-05
0.004679 0.75122 0.011149 0.036256 0.029605 0.167081 1e-05
1e-05 0.744081 1e-05 0.055835 0.016857 0.183197 1e-05
1.5e-05 0.703807 1e-05 0.116577 0.008891 0.170692 1e-05
1e-05 0.750265 1e-05 0.098735 0.005777 0.134698 0.010505
1e-05 1e-05 0.003163 0.995072 1e-05 1e-05 0.001724
1e-05 1e-05 8e-04 0.985705 0.003183 0.010282 1e-05
1e-05 1e-05 0.009076 0.981369 1e-05 0.009515 1e-05
1e-05 0.015158 1e-05 0.975292 1e-05 1e-05 0.00951
1e-05 0.006351 1e-05 0.984759 0.008851 1e-05 1e-05
1e-05 1e-05 1.2e-05 0.999938 1e-05 1e-05 1e-05
1e-05 1e-05 1e-05 0.99994 1e-05 1e-05 1e-05
1e-05 0.021269 1e-05 0.955225 0.011521 0.011955 1e-05
1e-05 0.696115 1e-05 0.240958 0.053567 0.009329 1e-05
1e-05 0.684438 1e-05 0.257471 0.032452 0.025609 1e-05
0.0109 0.687804 1e-05 0.274997 0.026269 1e-05 1e-05
0.013848 0.677409 1e-05 0.129946 0.021294 0.157483 1e-05
1e-05 0.674806 1e-05 0.131938 0.028937 0.161312 0.002988
0.005948 0.697066 1e-05 0.125684 0.017578 0.153703 1e-05
1e-05 0.739411 1e-05 0.124425 0.03378 0.102355 1e-05
0.000787 0.735509 1e-05 0.065921 0.000404 0.197359 1e-05
1e-05 0.725996 1e-05 0.067655 1e-05 0.197566 0.008753
1e-05 0.753912 1e-05 0.058059 0.021469 0.166531 1e-05
1e-05 0.710414 1e-05 0.107168 0.025179 0.15721 1e-05
1e-05 1e-05 0.001874 0.994299 0.003788 1e-05 1e-05
1e-05 1e-05 0.003416 0.990986 0.003268 1e-05 0.002299
1e-05 1e-05 1e-05 0.992221 1e-05 1e-05 0.007729
1e-05 1e-05 1e-05 0.972403 1e-05 0.027547 1e-05
1.3e-05 0.019045 1e-05 0.976341 0.002409 1e-05 0.002173
1e-05 0.009479 0.008165 0.982316 1e-05 1e-05 1e-05
1e-05 1e-05 1e-05 0.99994 1e-05 1e-05 1e-05
1e-05 0.018681 1e-05 0.944568 0.017916 0.018805 1e-05
1e-05 1e-05 1e-05 0.99994 1e-05 1e-05 1e-05
0.013767 0.007242 1e-05 0.971844 0.006672 0.000455 1e-05
1e-05 0.015312 1e-05 0.947879 0.0146 0.021125 0.001064
1e-05 0.716221 1e-05 0.23152 0.033006 1e-05 0.019224
1e-05 0.665903 1e-05 0.253397 0.034147 0.046523 1e-05
1e-05 0.677822 1e-05 0.272761 0.039539 0.009849 1e-05
1e-05 0.694559 1e-05 0.120343 0.020772 0.164297 1e-05
1e-05 0.654786 1e-05 0.184703 0.01306 0.14742 1e-05
1e-05 0.704117 1e-05 0.170293 0.023746 0.100222 0.001602
1e-05 0.754504 1e-05 0.094985 0.028459 0.122022 1e-05
1e-05 0.770444 1e-05 0.040823 0.013718 0.174985 1e-05
0.00144 0.750625 1e-05 0.050331 1e-05 0.197574 1e-05
1e-05 0.765187 0.008745 0.032432 0.015633 0.172516 0.005478
1e-05 0.709866 1e-05 0.098828 0.007498 0.183778 1e-05
1e-05 0.709504 0.000156 0.106393 0.022689 0.161238 1e-05
1e-05 0.004302 1e-05 0.995648 1e-05 1e-05 1e-05
1e-05 1e-05 0.001042 0.998908 1e-05 1e-05 1e-05
1e-05 1e-05 0.003301 0.990616 1e-05 0.006044 1e-05
1e-05 0.010432 1e-05 0.989518 1e-05 1e-05 1e-05
1e-05 1.8e-05 1e-05 0.999932 1e-05 1e-05 1e-05
1e-05 1e-05 1e-05 0.99994 1e-05 1e-05 1e-05
1e-05 1.5e-05 1e-05 0.999935 1e-05 1e-05 1e-05
1e-05 0.09063 1e-05 0.877181 0.013854 0.005471 0.012844
1e-05 1e-05 1e-05 0.989686 1e-05 0.003472 0.006802
1e-05 0.645971 1e-05 0.275907 0.039001 0.03909 1e-05
1e-05 0.66176 1e-05 0.269195 0.021438 0.047577 1e-05
1e-05 0.680755 1e-05 0.265809 0.041957 0.011449 1e-05
1e-05 0.730725 1e-05 0.096102 0.033678 0.139465 1e-05
1e-05 0.693951 1e-05 0.118648 0.02443 0.162941 1e-05
1e-05 0.703492 1e-05 0.128939 0.035197 0.132341 1e-05
1e-05 0.741649 1e-05 0.101794 0.027354 0.129173 1e-05
0.000387 0.741681 1e-05 0.031858 0.034407 0.188455 0.003201
0.001576 0.755223 1e-05 0.040068 0.016388 0.185259 0.001476
1e-05 0.738285 1e-05 0.068219 0.023804 0.169661 1e-05
1e-05 0.747107 1e-05 0.036528 0.017448 0.198887 1e-05
1e-05 0.692414 1e-05 0.146937 1e-05 0.157686 0.002933
1e-05 0.60201 1e-05 0.210183 0.029556 0.15822 1e-05
1e-05 1e-05 1e-05 0.99994 1e-05 1e-05 1e-05
0.006681 1e-05 1e-05 0.988572 1e-05 0.002715 0.002002
1e-05 1e-05 1e-05 0.99994 1e-05 1e-05 1e-05
1e-05 1e-05 0.007539 0.9741 1e-05 0.018321 1e-05
1e-05 0.002588 0.004538 0.992834 1e-05 1e-05 1e-05
1e-05 0.010568 1e-05 0.979143 0.007653 1e-05 0.002607
1e-05 1e-05 1e-05 0.99994 1e-05 1e-05 1e-05
1e-05 0.086855 1e-05 0.879487 0.017065 0.016563 1e-05
1e-05 1e-05 1e-05 0.993547 0.004992 0.001369 6.3e-05
1e-05 0.643586 1e-05 0.301538 0.032419 0.022427 1e-05
1e-05 0.676986 1e-05 0.247227 0.031093 0.044664 1e-05
1e-05 0.689343 1e-05 0.139332 0.016205 0.155089 1e-05
1e-05 0.645647 1e-05 0.19672 0.026537 0.131066 1e-05
1e-05 0.745002 0.00676 0.111639 0.024011 0.112568 1e-05
0.002304 0.770912 1e-05 0.061928 0.004845 0.159991 1e-05
1e-05 0.745245 1e-05 0.045508 0.034223 0.174994 1e-05
1e-05 0.746585 1e-05 0.053617 0.018659 0.180297 0.000821
1e-05 0.754833 1e-05 0.051146 1e-05 0.187693 0.006297
0.006037 0.716736 1e-05 0.092024 0.03948 0.145703 1e-05
1e-05 1e-05 0.002197 0.997753 1e-05 1e-05 1e-05
1e-05 1e-05 0.002228 0.988088 0.005487 0.004167 1e-05
0.00569 1e-05 0.005304 0.986585 0.002392 1e-05 1e-05
1e-05 1e-05 0.004012 0.973655 0.007606 0.007584 0.007123
0.000204 0.009181 1e-05 0.982464 1e-05 0.004741 0.00339
1e-05 1e-05 1e-05 0.99994 1e-05 1e-05 1e-05
1e-05 0.008741 1e-05 0.984765 1.9e-05 0.005175 0.001281
1e-05 0.660118 1e-05 0.292135 0.045839 0.001878 1e-05
1e-05 0.70439 1e-05 0.126215 0.035179 0.134186 1e-05
1e-05 0.737713 1e-05 0.129237 1e-05 0.132803 0.000217
1e-05 0.727169 1e-05 0.117312 0.022852 0.132638 1e-05
1e-05 0.709731 1e-05 0.119669 0.027516 0.143054 1e-05
0.00571 0.714674 1e-05 0.100608 0.027828 0.151159 1e-05
0.004336 0.746151 1e-05 0.056435 1e-05 0.193047 1e-05
1e-05 0.741853 0.002741 0.055893 0.021016 0.178477 1e-05
1e-05 0.696069 1e-05 0.113103 0.0277 0.163098 1e-05
0.001938 1e-05 1e-05 0.992055 0.001081 0.001523 0.003383
0.007854 1e-05 1e-05 0.991913 1e-05 1e-05 0.000193
1e-05 0.007332 1e-05 0.991633 0.000995 1e-05 1e-05
1e-05 0.020819 1e-05 0.967803 0.001751 0.00449 0.005117
1e-05 1e-05 1e-05 0.99994 1e-05 1e-05 1e-05
1e-05 0.714803 1e-05 0.098375 0.012827 0.173965 1e-05
1e-05 0.742568 1e-05 0.064724 1e-05 0.192668 1e-05
1e-05 0.707488 0.001321 0.092519 0.019953 0.178701 1e-05
1e-05 0.750478 0.010137 0.055757 1e-05 0.183598 1e-05
1e-05 0.76302 0.008789 0.048855 0.020743 0.158574 1e-05
1e-05 0.713714 0.015513 0.106153 0.000862 0.163739 1e-05
1e-05 0.733338 1e-05 0.101979 0.027883 0.126732 0.010048
0.003921 0.711827 1e-05 0.095702 0.036673 0.151858 1e-05
0.002749 0.693756 1e-05 0.096148 0.02436 0.182966 1e-05
0.018678 0.416532 0.008246 0.020055 0.016133 0.520346 1e-05
1e-05 0.424026 0.033976 0.000205 1e-05 0.541763 1e-05
1e-05 0.418136 0.021008 0.023122 1e-05 0.531717 0.005997
1e-05 0.420628 0.02266 0.014373 1e-05 0.531755 0.010564
0.011128 0.383464 1e-05 0.030586 1e-05 0.556204 0.018598
1e-05 1e-05 1e-05 0.99994 1e-05 1e-05 1e-05
1e-05 1e-05 1e-05 0.993657 1e-05 1e-05 0.006293
1e-05 1e-05 1e-05 0.97733 0.011989 0.010641 1e-05
1e-05 0.005539 1e-05 0.985347 1e-05 0.00339 0.005694
1e-05 0.006842 1e-05 0.984499 1e-05 0.008618 1e-05
1e-05 1e-05 1e-05 0.99994 1e-05 1e-05 1e-05
1e-05 1e-05 1e-05 0.99994 1e-05 1e-05 1e-05
1e-05 0.729965 1e-05 0.097232 0.029733 0.14304 1e-05
0.006674 0.683844 1e-05 0.105527 0.01524 0.188694 1e-05
1e-05 0.762341 1e-05 0.06654 0.034163 0.136926 1e-05
0.007624 0.753956 1e-05 0.06128 0.026462 0.150658 1e-05
1e-05 0.762925 0.007526 0.042932 1.1e-05 0.186586 1e-05
0.00038 0.759323 1e-05 0.030248 0.006209 0.203819 1e-05
1e-05 0.706839 1e-05 0.098603 0.027625 0.166902 1e-05
1e-05 0.721379 1e-05 0.086013 0.01981 0.165052 0.007727
1e-05 0.658289 1e-05 0.1854 0.036688 0.119592 1e-05
1e-05 0.413283 0.015326 0.026886 1e-05 0.520664 0.023822
0.009947 0.470108 1e-05 0.008525 1e-05 0.477849 0.033552
1e-05 0.265034 0.019192 1e-05 0.297293 0.194073 0.224388
1e-05 1e-05 0.001737 0.976627 0.003297 0.01831 1e-05
1e-05 1e-05 1e-05 0.99099 1e-05 0.00896 1e-05
1e-05 0.011739 0.005888 0.982333 1e-05 1e-05 1e-05
1e-05 1e-05 1e-05 0.99994 1e-05 1e-05 1e-05
0.008618 0.706725 1e-05 0.115942 0.016808 0.151887 1e-05
1e-05 0.733313 1e-05 0.101015 0.021209 0.144433 1e-05
1e-05 0.748664 0.011077 0.049575 0.015055 0.175608 1e-05
0.006313 0.762245 0.003022 0.042608 0.018956 0.163892 0.002964
0.010485 0.765451 1e-05 0.034406 0.026194 0.163445 1e-05
1e-05 0.68718 1e-05 0.15514 0.019048 0.138602 1e-05
1e-05 0.760022 1e-05 0.055355 0.002484 0.171126 0.010993
1e-05 0.665774 1e-05 0.14018 0.011651 0.182365 1e-05
0.019156 0.435608 0.01264 1e-05 0.002338 0.527004 0.003244
1e-05 0.397919 0.035153 0.015821 1e-05 0.547554 0.003533
0.024809 0.32631 0.001666 0.002664 0.010473 0.617184 0.016894
1e-05 0.428689 0.022468 0.052846 1e-05 0.487462 0.008516
1e-05 0.319363 0.027073 1e-05 0.227155 0.245459 0.18093
0.000626 0.679123 1e-05 0.128391 0.04078 0.15106 1e-05
1e-05 1e-05 0.000691 0.990297 0.004923 0.004059 1e-05
1e-05 0.005548 0.004991 0.986269 0.000925 0.002246 1e-05
1e-05 1e-05 1e-05 0.99994 1e-05 1e-05 1e-05
1e-05 0.001266 1e-05 0.994315 1e-05 1e-05 0.004379
1e-05 0.650559 0.00135 0.269935 0.032349 0.045788 1e-05
1e-05 0.599505 1e-05 0.340844 0.013594 0.023993 0.022044
1e-05 0.753416 1e-05 0.088298 0.00436 0.153896 1e-05
1e-05 0.688696 1e-05 0.145448 0.027815 0.138011 1e-05
1e-05 0.755432 1e-05 0.047815 0.01693 0.169077 0.010727
1e-05 0.752931 0.000545 0.048518 0.0382 0.159786 1e-05
1e-05 0.758047 0.001163 0.067865 1e-05 0.172894 1e-05
1e-05 0.696304 0.022141 0.099413 0.00413 0.163606 0.014395
1e-05 0.678499 1e-05 0.146574 0.025672 0.149225 1e-05
1e-05 0.417984 0.01112 0.018379 1e-05 0.547739 0.004758
1e-05 0.336986 0.015702 0.048643 0.002167 0.581828 0.014663
1e-05 0.42452 0.033438 0.020054 1e-05 0.519601 0.002368
0.004458 0.433605 0.028574 0.016963 1e-05 0.516379 1e-05
0.000626 0.692046 0.005993 0.115625 0.022485 0.163215 1e-05
1e-05 0.733269 0.001785 0.091705 0.01382 0.159401 1e-05
1e-05 0.667248 1e-05 0.174559 0.020164 0.137998 1e-05
0.013847 0.402565 1e-05 0.020704 0.006842 0.547963 0.008068
0.02149 0.448701 1e-05 0.006349 1e-05 0.49305 0.03039
1e-05 0.481283 0.018242 0.021243 1e-05 0.473143 0.006069
1e-05 0.440025 0.055225 0.014293 1e-05 0.490427 1e-05
0.007642 0.307353 0.009585 1e-05 0.298636 0.195609 0.181165
0.006946 0.296436 0.005349 1e-05 0.262681 0.237313 0.191265
1e-05 0.448932 0.022886 0.029703 1e-05 0.498449 1e-05
0.017179 0.476028 1e-05 0.037706 1e-05 0.463871 0.005197
0.021653 0.287295 0.017405 0.058615 0.001705 0.613317 1e-05
1e-05 0.315735 0.032544 1e-05 0.004221 0.614283 0.033198
1e-05 0.307836 0.041541 1e-05 0.014852 0.610535 0.025216
0.005713 0.353814 0.034061 1e-05 0.002157 0.558764 0.04548
0.016254 0.388709 0.004016 0.022056 1e-05 0.53578 0.033175
1e-05 0.368827 0.028774 1e-05 1e-05 0.544833 0.057536
0.024913 0.301542 1e-05 1e-05 0.058099 0.534238 0.081188
1e-05 0.315886 0.044567 1e-05 0.046412 0.539488 0.053626
1e-05 1e-05 1e-05 1e-05 0.974166 1e-05 0.025784
1e-05 1e-05 1e-05 1e-05 0.876816 0.013934 0.10921
0.006131 1e-05 1e-05 1e-05 0.976371 0.009194 0.008275
0.003542 0.009841 1e-05 0.007714 0.861077 0.012053 0.105763
1e-05 0.701191 1e-05 0.115023 0.018048 0.165707 1e-05
0.001839 0.711134 1e-05 0.113186 0.022474 0.151347 1e-05
1e-05 0.702782 1e-05 0.100582 0.035653 0.160953 1e-05
1e-05 0.411237 0.035471 0.032827 0.00258 0.488546 0.029328
0.014643 0.432908 0.019624 0.040157 1e-05 0.477429 0.015229
1e-05 0.431664 0.024441 0.011093 1e-05 0.527146 0.005637
0.011724 0.362423 1e-05 0.028953 1e-05 0.580531 0.016349
1e-05 0.294882 0.01136 0.007527 0.277543 0.186696 0.221983
1e-05 0.464388 0.00837 0.015917 1e-05 0.511295 1e-05
1e-05 0.463499 0.012948 0.052148 1e-05 0.463022 0.008363
1e-05 0.271074 0.013718 0.047424 0.007224 0.617168 0.043383
0.024279 0.306163 0.022117 1e-05 0.021166 0.62416 0.002105
0.024779 0.403971 1e-05 0.001571 0.006758 0.517683 0.045228
1e-05 0.277849 0.007217 0.027109 0.013341 0.621338 0.053136
0.02884 0.352751 0.01164 0.014369 1e-05 0.545778 0.046612
1e-05 0.386135 0.043029 0.00627 1e-05 0.530444 0.034102
0.029573 0.25962 0.020349 0.006402 0.076652 0.553414 0.05399
1e-05 0.308935 0.026939 0.005199 0.080356 0.49774 0.080821
0.008758 1e-05 8.8e-05 1e-05 0.969045 1e-05 0.022079
1e-05 1e-05 1e-05 1e-05 0.951382 1e-05 0.048568
1e-05 1e-05 1e-05 1e-05 0.991294 0.003954 0.004712
1e-05 0.015185 1e-05 1e-05 0.851714 1.5e-05 0.133056
1e-05 0.682854 0.000423 0.141946 0.003317 0.17144 1e-05
1e-05 0.699956 0.013382 0.098764 0.020298 0.167581 1e-05
1e-05 0.718319 1e-05 0.096771 0.016913 0.167967 1e-05
1e-05 0.400614 0.015524 0.057576 1e-05 0.51554 0.010726
0.018781 0.418149 1e-05 0.013822 1e-05 0.537223 0.012005
0.009472 0.437199 0.010291 0.018511 0.026467 0.4605 0.03756
1e-05 0.366231 0.012882 0.018133 0.009346 0.57198 0.021419
0.014533 0.269324 0.005621 0.017859 0.283307 0.190324 0.219032
0.015085 0.261285 1e-05 1e-05 0.297609 0.204817 0.221183
1e-05 0.419802 0.015787 0.090167 1e-05 0.452794 0.02143
0.01072 0.302598 0.000801 0.090425 0.012815 0.569436 0.013206
1e-05 0.256994 0.025268 0.004856 0.011161 0.679823 0.021887
1e-05 0.338609 0.023138 1e-05 0.012718 0.591293 0.034221
0.029071 0.445951 1e-05 0.010766 0.025362 0.44586 0.04298
0.031507 0.253509 0.002048 1e-05 0.015398 0.663005 0.034522
0.022894 0.421809 1e-05 0.023995 1e-05 0.524534 0.006748
1e-05 0.380345 0.036422 0.001197 1e-05 0.541859 0.040158
0.023039 0.362999 1e-05 0.00524 1e-05 0.553302 0.055399
1e-05 0.305085 0.01429 0.002396 0.065347 0.552522 0.06035
0.004981 0.303977 0.029322 0.006745 0.074271 0.512379 0.068325
1e-05 1e-05 1e-05 1e-05 0.935461 1e-05 0.064489
1e-05 1e-05 1.1e-05 1e-05 0.951886 1e-05 0.048064
1e-05 1e-05 1e-05 1e-05 0.955819 1e-05 0.044131
1.3e-05 0.012379 1e-05 1e-05 0.868487 0.000993 0.118109
1e-05 0.7089 1e-05 0.113771 0.011788 0.16551 1e-05
0.005678 0.427259 0.022501 0.065088 1e-05 0.479454 1e-05
1e-05 0.16897 0.027609 1e-05 0.030315 0.722975 0.050111
0.022604 0.363912 0.016759 0.017574 1e-05 0.555894 0.023247
1e-05 0.289488 0.021779 0.005715 0.299871 0.232695 0.150443
1e-05 0.729158 1e-05 0.086317 0.038766 0.145729 1e-05
0.017465 0.264667 0.02199 0.006567 0.281341 0.207812 0.200159
1e-05 0.431707 0.025262 0.023363 1e-05 0.502525 0.017122
0.008598 0.280819 0.008408 0.013284 0.031588 0.642593 0.014709
0.014703 0.284595 1e-05 1e-05 0.011302 0.65527 0.034109
0.035145 0.354477 1e-05 1e-05 0.004274 0.568729 0.037355
1e-05 0.388038 0.023617 0.005886 1e-05 0.528706 0.053733
1e-05 0.375952 0.015429 1e-05 1e-05 0.577364 0.031225
0.009288 0.366068 0.036437 0.007459 1e-05 0.541084 0.039654
0.009517 0.362684 0.048609 0.013669 1e-05 0.554647 0.010864
0.009423 0.291404 0.026584 0.006631 0.080766 0.525019 0.060174
0.023897 0.326294 1e-05 0.007666 0.06567 0.504064 0.0724
1e-05 1e-05 1e-05 1e-05 0.915496 0.009986 0.074478
1e-05 1e-05 1e-05 1e-05 0.995167 0.002023 0.002769
0.001703 1e-05 0.006642 1e-05 0.969239 1e-05 0.022386
0.001532 0.007025 1e-05 1e-05 0.87022 0.016871 0.104331
1e-05 1e-05 1e-05 0.993651 0.004749 0.00156 1e-05
1e-05 1e-05 1e-05 1e-05 0.975439 1e-05 0.024511
0.012318 1e-05 0.005737 0.003342 0.887965 0.008631 0.081997
1e-05 1e-05 1e-05 1e-05 0.968493 1e-05 0.031457
1e-05 0.013441 0.005654 1e-05 0.649785 0.004287 0.326814
0.019863 0.02522 1e-05 0.003675 0.793933 0.008629 0.14867
1e-05 1e-05 1e-05 1e-05 0.558912 1e-05 0.441038
1e-05 0.014197 0.001339 1e-05 0.754985 0.003773 0.225686
0.028739 0.261761 1e-05 0.012308 0.343513 0.15801 0.195659
1e-05 1e-05 1e-05 0.000851 0.950373 0.00085 0.047895
1e-05 1e-05 0.009885 1e-05 0.919549 1e-05 0.070526
0.004821 0.014207 0.013732 1e-05 0.635438 0.034166 0.297626
0.009697 0.028826 0.015917 1e-05 0.697835 1e-05 0.247705
0.011651 0.038825 1e-05 1e-05 0.71101 1e-05 0.238484
1e-05 0.299091 0.04197 0.002386 0.3243 0.164399 0.167844
1e-05 1e-05 1e-05 0.002275 0.919647 0.003588 0.07446
0.001646 1e-05 1e-05 8.9e-05 0.875575 0.001577 0.121093
0.006152 1e-05 1e-05 1e-05 0.950238 0.000975 0.042605
0.002949 0.02469 1e-05 0.004927 0.652903 0.018179 0.296343
0.002401 0.024652 1e-05 1e-05 0.72772 0.013699 0.231509
1e-05 0.000678 0.010445 1e-05 0.758049 1e-05 0.230798
1e-05 0.037373 0.016752 1e-05 0.681086 0.023518 0.241252
0.009775 0.250743 0.007406 0.000588 0.375147 0.167702 0.188639
1e-05 0.692997 1e-05 0.100138 0.018539 0.188296 1e-05
1e-05 0.728348 1e-05 0.096145 0.000204 0.152457 0.022826
0.008845 0.45789 1e-05 0.024101 1e-05 0.499684 0.009459
0.015422 0.390788 0.013379 0.048918 1e-05 0.531473 1e-05
0.003146 0.413367 0.025507 0.005402 1e-05 0.546447 0.006122
1e-05 0.437295 0.015118 0.012956 1e-05 0.518869 0.015742
0.010333 0.365506 1e-05 0.037806 1e-05 0.570422 0.015914
0.04084 0.240523 1e-05 0.012336 0.324952 0.163381 0.217958
1e-05 0.250461 0.014662 0.003434 0.299993 0.221871 0.20957
1e-05 0.443842 0.019588 0.032449 1e-05 0.50409 1e-05
1e-05 0.442372 0.00728 0.078814 1e-05 0.445362 0.026152
0.010373 0.317887 0.034253 1e-05 1e-05 0.603255 0.034211
1e-05 0.382805 0.032246 0.007545 0.006852 0.521599 0.048942
0.015602 0.382075 0.018737 0.002716 1e-05 0.55279 0.02807
1e-05 0.39266 0.039054 1e-05 1e-05 0.525185 0.043071
0.029168 0.37768 1e-05 1e-05 1e-05 0.54788 0.045241
0.000116 0.237005 0.020917 1e-05 0.07633 0.603977 0.061645
0.009251 0.283766 0.029268 1e-05 0.070221 0.547697 0.059788
1e-05 1e-05 1e-05 1e-05 0.920146 1e-05 0.079804
1e-05 1e-05 0.004369 1e-05 0.995581 1e-05 1e-05
1e-05 1e-05 1e-05 1e-05 0.930168 1e-05 0.069782
1e-05 0.03433 1e-05 0.003971 0.843375 0.004962 0.113343
0.017477 0.249506 0.008022 1e-05 0.305254 0.206367 0.213364
0.02011 0.404474 0.004161 0.018521 0.162705 0.278613 0.111416
0.022182 0.310741 0.002297 0.052212 0.011366 0.576567 0.024634
1e-05 0.431216 0.037237 0.016973 1e-05 0.503622 0.010932
0.02361 0.292579 0.02571 0.016535 0.013984 0.623067 0.004516
0.003618 0.358083 0.027738 0.001508 1e-05 0.585304 0.02374
1e-05 0.340795 0.022651 0.005179 0.014184 0.559943 0.057237
0.007128 0.393171 0.02152 0.012237 1e-05 0.522595 0.043338
0.014184 0.399478 0.003862 1e-05 1e-05 0.528767 0.053689
1e-05 0.341563 0.042201 1e-05 1e-05 0.606938 0.009268
0.00071 0.274278 0.038235 1e-05 0.072737 0.543297 0.070733
0.003486 0.282634 0.028003 0.010303 0.066318 0.540782 0.068473
1e-05 0.008897 0.005773 1e-05 0.923782 1e-05 0.061518
1e-05 1e-05 1e-05 1e-05 0.961669 1e-05 0.038281
1e-05 0.015533 1e-05 0.010829 0.849037 0.015013 0.109567
1e-05 1e-05 0.00259 1e-05 0.958758 1e-05 0.038613
0.002949 1e-05 1e-05 1e-05 0.804204 0.020313 0.172505
1e-05 1e-05 1e-05 1e-05 0.961063 1e-05 0.038887
1e-05 0.002874 1e-05 0.000904 0.513043 1e-05 0.483148
1e-05 0.027354 0.011433 1e-05 0.664496 1e-05 0.296687
0.009178 0.022598 1e-05 0.009592 0.723776 1e-05 0.234837
0.031741 0.275564 1e-05 1e-05 0.313948 0.196687 0.182041
0.024131 0.25798 0.018755 0.006718 0.286046 0.200954 0.205416
1e-05 0.418981 0.006634 0.040697 1e-05 0.517534 0.016134
0.005224 0.426169 0.022359 0.024687 1e-05 0.498394 0.023157
0.005943 0.278807 0.021506 0.000793 0.033261 0.622199 0.03749
0.00313 0.270837 0.019444 0.014902 0.029203 0.637492 0.024992
0.039918 0.352611 0.010002 1e-05 1e-05 0.576979 0.02047
0.037392 0.328141 0.010958 1e-05 0.007714 0.57425 0.041535
0.000363 0.361446 0.01846 0.001566 1e-05 0.581099 0.037057
1e-05 0.399269 0.027696 1e-05 1e-05 0.55856 0.014445
0.045439 0.303433 1e-05 0.000986 0.059132 0.519361 0.071639
1e-05 1e-05 0.008116 1e-05 0.900391 1e-05 0.091453
1e-05 1e-05 1e-05 1e-05 0.976547 1e-05 0.023403
1e-05 1e-05 0.000554 1e-05 0.977365 0.003443 0.018608
1e-05 0.019727 0.012395 1e-05 0.851492 1e-05 0.116357
1e-05 1e-05 1e-05 1e-05 0.949891 1e-05 0.050059
1e-05 1e-05 0.014896 1e-05 0.826665 0.037168 0.121241
1e-05 1e-05 1e-05 1e-05 0.957074 1e-05 0.042876
0.00276 0.012464 1e-05 0.005147 0.655849 1e-05 0.323759
1e-05 1e-05 1e-05 1e-05 0.579642 0.014047 0.406271
1e-05 0.007653 1e-05 0.001094 0.7434 0.001017 0.246817
0.026655 0.235685 0.003068 1e-05 0.329584 0.132538 0.27246
0.006007 0.424693 0.020591 0.061269 0.003348 0.475732 0.008362
0.006406 0.399198 0.003314 0.048884 1e-05 0.508832 0.033356
1e-05 0.364702 0.016116 0.027255 0.003098 0.559493 0.029327
0.033563 0.313637 1e-05 1e-05 0.028376 0.595174 0.029231
0.009133 0.313636 0.005997 1e-05 1e-05 0.63004 0.041173
0.003351 0.412356 0.028143 1e-05 1e-05 0.490913 0.065217
0.021496 0.416071 1e-05 0.015569 1e-05 0.545829 0.001015
0.04438 0.374045 1e-05 0.000628 1e-05 0.541296 0.039631
1e-05 0.385167 0.030435 1e-05 1e-05 0.563009 0.021359
0.001234 0.293354 0.015636 1e-05 0.069041 0.54938 0.071345
0.041272 0.254364 0.005535 0.00221 0.055821 0.565194 0.075604
1e-05 0.002476 1e-05 1e-05 0.898472 0.011106 0.087917
1e-05 1e-05 1e-05 1e-05 0.989374 1e-05 0.010576
1e-05 1e-05 0.004126 0.001409 0.9704 0.001731 0.022314
0.018901 0.007714 1e-05 1e-05 0.8301 0.020751 0.122514
1e-05 1e-05 1e-05 1e-05 0.909261 1e-05 0.090689
0.010252 0.001103 1e-05 1e-05 0.857556 0.01801 0.11306
1e-05 1e-05 1e-05 1e-05 0.959208 1e-05 0.040742
1e-05 1e-05 1e-05 1e-05 0.38581 1e-05 0.61414
1e-05 0.034228 1e-05 0.003314 0.719683 1e-05 0.242745
0.015709 0.079947 1e-05 0.004613 0.72709 0.007193 0.165439
0.000127 0.329008 0.038074 1e-05 0.285362 0.21076 0.136659
0.018483 0.254615 0.013718 9.4e-05 0.281938 0.263049 0.168104
0.014569 0.403713 0.009202 0.061302 1e-05 0.505797 0.005407
1e-05 0.420416 0.022464 0.049757 0.000143 0.498087 0.009122
0.004824 0.303616 0.034214 0.014392 0.00027 0.622642 0.020041
0.004236 0.223042 0.037686 0.010264 1e-05 0.706274 0.018487
0.036587 0.407093 1e-05 0.008775 1e-05 0.512049 0.035477
0.009537 0.424986 0.023105 0.004233 1e-05 0.490217 0.047912
0.003196 0.376147 0.043516 1e-05 1e-05 0.556734 0.020387
1e-05 0.404575 0.036253 1e-05 1e-05 0.542944 0.016198
0.005281 0.38613 0.028662 1e-05 1e-05 0.540218 0.039689
0.011333 0.299445 0.035549 0.007156 0.055465 0.508595 0.082457
0.014334 0.287096 0.014469 0.005257 0.038961 0.559924 0.079959
1e-05 1e-05 0.008526 0.002551 0.883079 1e-05 0.105813
1e-05 0.006409 0.010329 1e-05 0.935823 1e-05 0.047409
0.012226 1e-05 1e-05 1e-05 0.98293 1e-05 0.004804
1e-05 0.015123 0.004922 1e-05 0.840848 0.002922 0.136165
1e-05 1e-05 0.009061 1e-05 0.917869 1e-05 0.07303
1e-05 1e-05 1e-05 1e-05 0.954375 1e-05 0.045575
1e-05 0.023755 1e-05 1e-05 0.666804 1e-05 0.309401
1e-05 0.012413 1e-05 1e-05 0.646415 0.012843 0.328299
1e-05 0.035881 0.003232 0.00089 0.715412 0.011997 0.232578
0.004558 1e-05 1e-05 1e-05 0.584435 1e-05 0.410966
1e-05 1e-05 1e-05 1e-05 0.972481 0.027469 1e-05
1e-05 0.271022 0.017368 0.020978 0.300536 0.17543 0.214657
0.020413 0.407264 1e-05 0.016632 1e-05 0.555661 1e-05
1e-05 0.342481 0.012855 0.004341 0.014411 0.578928 0.046974
0.001164 0.374676 0.059207 1e-05 1e-05 0.512288 0.052645
0.012807 0.381641 0.030192 0.001845 1e-05 0.536991 0.036513
1e-05 0.31014 0.058797 0.002189 0.065749 0.51467 0.048445
0.032134 0.288421 1e-05 1e-05 0.05998 0.55003 0.069415
1e-05 1e-05 1e-05 1e-05 0.95998 1e-05 0.03997
1e-05 1e-05 1e-05 1e-05 0.955328 1e-05 0.044622
1e-05 1e-05 1e-05 1e-05 0.951589 1e-05 0.048361
1e-05 1e-05 1e-05 1e-05 0.957199 1e-05 0.042751
1e-05 0.430706 0.021749 0.035529 1e-05 0.502975 0.009021
1e-05 1e-05 0.005252 1e-05 0.853981 0.007111 0.133627
1e-05 1e-05 1e-05 1e-05 0.94259 1e-05 0.05736
1e-05 0.015491 1e-05 1e-05 0.489841 1e-05 0.494628
0.004602 0.020231 0.006819 1e-05 0.647904 0.001472 0.318962
0.010236 0.003715 0.001781 0.005091 0.6138 1e-05 0.365367
0.018117 0.328267 1e-05 1e-05 0.262416 0.232932 0.158249
1e-05 1e-05 1e-05 1e-05 0.98118 0.01877 1e-05
0.01914 0.396418 1e-05 0.067295 1e-05 0.497827 0.0193
1e-05 0.45224 0.014194 0.02375 1e-05 0.509787 1e-05
1e-05 0.274317 0.008441 0.078409 0.011966 0.60662 0.020237
0.032372 0.317927 1e-05 0.001484 0.017376 0.598983 0.031848
0.027584 0.393006 0.013187 0.012348 0.014201 0.506353 0.033321
1e-05 0.37182 0.00738 1e-05 1e-05 0.567947 0.052823
1e-05 0.445908 0.009624 0.057608 0.010839 0.475721 0.00029
1e-05 0.28324 0.018965 0.019437 0.008269 0.637838 0.03224
0.019533 0.384578 0.014661 0.01393 0.014198 0.515289 0.037812
0.012559 0.363918 0.006872 0.002006 0.022978 0.539563 0.052104
1e-05 1e-05 0.006799 1e-05 0.961976 1e-05 0.031185
0.015814 0.005949 1e-05 0.00171 0.60853 1e-05 0.367977
1e-05 1e-05 1e-05 1e-05 0.845236 0.026729 0.127995
1e-05 1e-05 1e-05 1e-05 0.94676 1e-05 0.05319
1e-05 0.020931 1e-05 1e-05 0.574523 0.011651 0.392865
1e-05 0.030217 0.013024 0.002318 0.738317 0.002822 0.213291
1e-05 0.193256 0.010178 0.005741 0.565253 0.017462 0.208099
1e-05 0.295764 0.034328 0.001472 0.315551 0.173072 0.179802
1e-05 1e-05 0.014764 1e-05 0.965587 0.019609 1e-05
0.024422 0.381485 0.008717 1e-05 1e-05 0.534612 0.050744
0.037794 0.257385 0.004004 0.012419 0.058846 0.555339 0.074213
0.021904 0.281915 1e-05 1e-05 0.077282 0.559117 0.059762
0.024924 0.294423 0.008823 1e-05 0.056071 0.540088 0.075661
1e-05 1e-05 1e-05 1e-05 0.994075 1e-05 0.005875
1e-05 1e-05 1e-05 1e-05 0.961495 1e-05 0.038455
1e-05 1e-05 1e-05 1e-05 0.92398 1e-05 0.07597
1e-05 1e-05 0.007458 1e-05 0.959718 1e-05 0.032784
1e-05 1e-05 1e-05 1e-05 0.843345 0.013979 0.142636
1e-05 1e-05 1e-05 1e-05 0.455092 1e-05 0.544858
1e-05 0.034027 1e-05 0.000699 0.627066 0.003783 0.334405
1e-05 0.04834 0.008999 1e-05 0.738174 1e-05 0.204457
0.003272 0.01316 1e-05 0.000549 0.690251 0.005685 0.287072
0.003945 0.016661 1e-05 1e-05 0.766289 0.007677 0.205407
1e-05 1e-05 1e-05 1e-05 0.983638 0.016312 1e-05
0.002866 1e-05 1e-05 0.005606 0.86979 1e-05 0.121708
1e-05 1e-05 0.004161 1e-05 0.932251 1e-05 0.063548
0.007994 0.017795 1e-05 1e-05 0.604758 1e-05 0.369422
1e-05 0.021413 1e-05 1e-05 0.659911 0.018587 0.30006
0.013068 0.000316 1e-05 0.015112 0.698583 0.002357 0.270554
0.013668 0.31152 1e-05 0.012378 0.30053 0.192263 0.169631
1e-05 1e-05 1e-05 0.003228 0.994286 0.002446 1e-05
1e-05 1e-05 1e-05 1e-05 0.989993 0.009957 1e-05
1e-05 0.003979 1e-05 0.004832 0.949399 0.015984 0.025786
1e-05 1e-05 0.007387 1e-05 0.992563 1e-05 1e-05
0.004018 0.027682 1e-05 0.011225 0.732281 0.047935 0.176848
1e-05 0.045812 0.001123 0.001565 0.323704 0.030823 0.596963
0.001683 0.106952 0.001245 1e-05 0.305647 0.019363 0.5651
1e-05 1e-05 1e-05 1e-05 0.83984 1e-05 0.16011
1e-05 1e-05 1e-05 1e-05 0.841296 1e-05 0.158654
0.006143 1e-05 1e-05 1e-05 0.832329 1e-05 0.161488
1e-05 1e-05 0.003246 0.011888 0.949577 0.030162 0.005107
0.013575 1e-05 1e-05 0.083642 0.366194 0.536558 1e-05
0.014446 1e-05 1e-05 0.080852 0.367345 0.536858 0.00048
1e-05 1e-05 1e-05 0.0859 0.524461 0.389599 1e-05
0.001694 1e-05 1e-05 0.07485 0.516276 0.40715 1e-05
0.011718 0.901937 1e-05 1e-05 0.006205 0.042912 0.037208
0.000856 0.877706 0.025818 1e-05 1e-05 0.040205 0.055396
0.015053 0.940958 1e-05 0.007378 0.000252 1e-05 0.036338
0.00246 0.943411 0.024989 0.002581 0.013845 0.002363 0.010351
0.001747 0.935342 1e-05 0.022141 0.04074 1e-05 1e-05
1e-05 0.945431 1e-05 0.019647 0.026597 0.008295 1e-05
1e-05 0.910407 1e-05 0.032149 0.03249 0.023892 0.001042
1e-05 0.884118 1e-05 0.003161 0.024337 0.048508 0.039856
0.040884 0.886897 0.000719 1e-05 1e-05 0.029156 0.042324
0.013527 0.89436 1e-05 1e-05 1e-05 0.030077 0.062006
1e-05 1e-05 1e-05 1e-05 0.986889 0.013061 1e-05
1e-05 1e-05 0.003092 0.002086 0.942948 1e-05 0.051844
0.016102 0.052505 0.013087 0.003903 0.717277 0.025355 0.171771
1e-05 0.080899 1e-05 1e-05 0.330813 0.015743 0.572515
1e-05 1e-05 1e-05 1e-05 0.845758 1e-05 0.154192
1e-05 1e-05 1e-05 1e-05 0.845028 1e-05 0.154922
1e-05 1e-05 0.017864 0.001692 0.81634 0.164075 1e-05
1e-05 1e-05 1e-05 0.110395 0.383415 0.506149 1e-05
1e-05 1e-05 0.004782 0.092666 0.391776 0.510745 1e-05
1e-05 1e-05 0.001183 0.080386 0.507834 0.402987 0.007591
1e-05 0.898026 0.018217 1e-05 0.013538 0.040469 0.02973
0.00925 0.881338 0.019243 1e-05 0.01235 0.046103 0.031705
0.014244 0.011288 0.008375 1e-05 0.634777 1e-05 0.331297
0.004985 0.93187 0.004941 1e-05 0.023109 1e-05 0.035075
0.006674 0.920342 1e-05 1e-05 1e-05 0.02797 0.044985
0.016723 0.931221 1e-05 0.018534 0.025192 1e-05 0.00831
1e-05 0.93059 0.001154 0.025087 0.043139 1e-05 1e-05
1e-05 0.947472 1e-05 0.027246 0.025242 1e-05 1e-05
1e-05 0.901282 0.00911 0.002002 0.021669 0.032833 0.033093
0.006602 0.880098 1e-05 0.000849 1e-05 0.042026 0.070406
0.006617 0.881408 1e-05 1e-05 0.001058 0.048246 0.062651
1e-05 1e-05 1e-05 1e-05 0.983 0.01695 1e-05
1e-05 0.002392 1e-05 1e-05 0.865755 0.025047 0.106776
0.010545 0.024638 1e-05 1e-05 0.781838 0.02076 0.162198
0.000221 0.104401 0.009266 0.003257 0.326564 0.000708 0.555582
1e-05 0.031837 1e-05 1e-05 0.321136 0.026939 0.620059
1e-05 1e-05 0.005766 1e-05 0.806794 1e-05 0.1874
1e-05 1e-05 1e-05 1e-05 0.832756 1e-05 0.167194
1e-05 1e-05 1e-05 1e-05 0.818979 1e-05 0.180971
1e-05 0.011661 0.01057 0.013092 0.87373 0.090927 1e-05
1e-05 1e-05 1e-05 0.094871 0.394129 0.51096 1e-05
0.010236 1e-05 0.00443 0.061201 0.48516 0.4268 0.012162
1e-05 0.882988 0.027023 1e-05 1e-05 0.062583 0.027376
1e-05 0.877707 0.024498 0.010009 1e-05 0.037773 0.049993
0.009318 0.870575 0.019215 1e-05 1e-05 0.043165 0.057707
0.023897 0.919229 1e-05 0.002089 0.038772 1e-05 0.015993
1e-05 0.909004 0.030934 1e-05 0.039014 1e-05 0.021018
1e-05 0.945795 0.003668 0.025184 0.025323 1e-05 1e-05
1e-05 0.944044 1e-05 0.008505 0.04741 1e-05 1e-05
1e-05 0.886535 0.013458 1e-05 0.027332 0.037567 0.035088
0.027229 0.865464 1e-05 0.012318 0.003631 0.068509 0.022838
0.010116 0.873658 0.016311 1e-05 1e-05 0.048197 0.051698
0.021474 0.860973 0.009764 1e-05 1e-05 0.05055 0.057219
0.00898 1e-05 1e-05 0.001897 0.966726 0.022367 1e-05
1e-05 1e-05 0.010875 0.001821 0.942456 0.020053 0.024775
1e-05 1e-05 0.002375 1e-05 0.833319 0.033495 0.13078
1e-05 0.060814 0.013411 0.003037 0.717334 0.034881 0.170513
1e-05 0.05694 1e-05 1e-05 0.337847 0.037409 0.567774
1e-05 1e-05 1e-05 1e-05 0.822828 1e-05 0.177122
1e-05 1e-05 0.005955 0.000257 0.820291 1e-05 0.173467
1e-05 1e-05 1e-05 1e-05 0.85357 1e-05 0.14638
1e-05 0.014479 0.016288 0.010246 0.775946 0.18302 1e-05
0.009481 1e-05 1e-05 0.090748 0.370962 0.528779 1e-05
1e-05 1e-05 0.011094 0.075186 0.502659 0.411031 1e-05
1e-05 0.880676 0.026877 1e-05 0.020829 0.056132 0.015467
1e-05 0.897881 0.00498 0.005673 0.019443 0.039256 0.032756
1e-05 0.871026 1e-05 0.012565 0.006558 0.079707 0.030123
1e-05 0.344263 0.04431 0.00154 0.062566 0.470789 0.076522
0.003961 0.279294 0.051696 1e-05 0.026317 0.560876 0.077846
0.000222 0.008183 0.014582 1e-05 0.884774 0.003327 0.088902
1e-05 1e-05 1e-05 1e-05 0.977583 1e-05 0.022367
1e-05 0.010326 1e-05 0.006704 0.841262 0.003211 0.138476
1e-05 0.690454 1e-05 0.108263 0.023105 0.178147 1e-05
1e-05 1e-05 0.008318 0.00635 0.985292 1e-05 1e-05
0.004137 1e-05 1e-05 1e-05 0.950181 1e-05 0.045642
1e-05 0.008105 1e-05 1e-05 0.870477 0.006998 0.11439
1e-05 0.052513 0.009911 0.001366 0.753746 0.038543 0.143912
0.002897 0.135261 1e-05 0.004594 0.285512 0.020619 0.551107
1e-05 0.035504 1e-05 0.008484 0.310392 0.025521 0.620079
1e-05 1e-05 0.00126 1e-05 0.860275 1e-05 0.138425
1e-05 1e-05 1e-05 1e-05 0.829475 1e-05 0.170475
1e-05 1e-05 0.00493 1e-05 0.822499 1e-05 0.172531
1e-05 1e-05 0.013543 0.011805 0.887989 0.086633 1e-05
1e-05 1e-05 0.007858 0.095693 0.352574 0.543845 1e-05
1e-05 1e-05 0.003965 0.080126 0.513787 0.402092 1e-05
1e-05 1e-05 1e-05 0.063178 0.501346 0.435435 1e-05
1e-05 0.872393 0.034942 0.003473 1e-05 0.047462 0.041709
0.012237 0.891156 0.031581 0.001629 0.005917 0.037579 0.0199
0.011252 0.881849 0.025906 1e-05 0.017296 0.036228 0.027459
1e-05 1e-05 1e-05 1e-05 0.972708 1e-05 0.027242
1e-05 1e-05 0.005215 0.007611 0.868315 0.022336 0.096503
0.031934 0.054843 1e-05 1e-05 0.334729 0.015663 0.562811
1e-05 0.022429 1e-05 1e-05 0.324404 0.042088 0.611049
1e-05 1e-05 1e-05 1e-05 0.845411 1e-05 0.154539
0.012583 1e-05 0.004027 1e-05 0.942338 0.017994 0.023039
1e-05 1e-05 1e-05 1e-05 0.975018 1e-05 0.024932
1e-05 1e-05 1e-05 1e-05 0.856271 0.014658 0.129031
1e-05 0.033314 1e-05 1e-05 0.782488 0.034368 0.1498
1e-05 0.032154 0.015034 0.00094 0.326286 0.026418 0.599158
1e-05 0.047432 1e-05 0.008728 0.355824 0.007741 0.580255
1e-05 1e-05 1e-05 1e-05 0.826706 1e-05 0.173244
1e-05 1e-05 1e-05 1e-05 0.831164 1e-05 0.168786
1e-05 1e-05 1e-05 1e-05 0.825026 1e-05 0.174924
1e-05 0.009591 0.000231 0.007335 0.833015 0.149808 1e-05
0.000764 1e-05 1e-05 0.080694 0.3759 0.531431 0.011191
1e-05 1e-05 2.1e-05 0.066323 0.503423 0.40926 0.020953
0.004494 0.855768 0.017525 0.005017 1e-05 0.079353 0.037833
0.003507 0.881328 0.012937 1e-05 0.018289 0.047337 0.036591
0.003104 0.877012 1e-05 0.005233 0.018902 0.0653 0.030438
1e-05 0.938359 0.013173 1e-05 0.028582 1e-05 0.019857
0.002889 0.938292 1e-05 0.011105 0.047684 1e-05 1e-05
0.001562 0.949145 1e-05 0.012718 0.036546 1e-05 1e-05
0.006994 0.892028 0.016022 1e-05 0.038589 0.040872 0.005485
0.018998 0.822898 1e-05 0.022773 0.024332 0.099476 0.011513
0.019186 0.864573 1e-05 1e-05 1e-05 0.063862 0.052349
0.025012 0.68778 1e-05 1e-05 0.025143 0.22462 0.037425
0.017348 0.410396 1e-05 0.004182 1e-05 0.541996 0.026057
0.013195 1e-05 0.002621 0.005515 0.919032 0.039 0.020626
1e-05 1e-05 1e-05 1e-05 0.983501 1e-05 0.016449
1e-05 1e-05 1e-05 1e-05 0.848916 0.017757 0.133287
1e-05 0.072592 0.019816 0.002833 0.776664 1e-05 0.128075
1e-05 0.078923 1e-05 0.007912 0.331806 1e-05 0.581328
0.005091 0.083176 1e-05 1e-05 0.317526 0.034674 0.559513
1e-05 1e-05 1e-05 0.00464 0.842521 1e-05 0.152799
1e-05 1e-05 0.001263 1e-05 0.842883 1e-05 0.155815
1e-05 1e-05 8e-04 1e-05 0.834861 1e-05 0.164299
1e-05 1e-05 1e-05 0.10071 0.38579 0.51346 1e-05
1e-05 1e-05 5.6e-05 0.085949 0.505275 0.393826 0.014874
1e-05 0.89828 0.030729 0.005201 1e-05 0.024264 0.041507
0.011521 0.893403 0.006874 0.003204 1e-05 0.03951 0.045478
0.005966 0.899016 0.019789 1e-05 0.008939 0.028815 0.037465
0.031409 0.714625 0.002966 1e-05 1e-05 0.158118 0.092862
1e-05 0.765983 0.014448 0.001761 0.005371 0.077625 0.134802
1e-05 0.766723 0.02527 1e-05 0.022847 0.061788 0.123352
0.329304 0.040125 0.605669 0.003257 0.001884 1e-05 0.019752
0.217331 0.237675 0.458215 0.018376 0.030405 1e-05 0.037987
0.009096 1e-05 1e-05 0.082659 0.387234 0.507773 0.013218
1e-05 1e-05 1e-05 0.100448 0.366677 0.532836 1e-05
1e-05 1e-05 0.010536 0.058624 0.486453 0.436451 0.007916
1e-05 0.879566 0.000882 0.014037 0.024469 0.035236 0.0458
0.000295 1e-05 1e-05 1e-05 0.951217 0.034312 0.014146
0.008178 1e-05 1e-05 1e-05 0.974626 1e-05 0.017156
1e-05 0.051862 0.013779 1e-05 0.774174 0.035934 0.124231
0.002059 0.035498 1e-05 1e-05 0.316443 0.030228 0.615752
0.01666 0.055696 1e-05 1e-05 0.319184 0.024621 0.583819
1e-05 1e-05 1e-05 1e-05 0.818322 1e-05 0.181628
1e-05 0.916196 1e-05 1e-05 0.027854 0.028767 0.027153
0.01694 0.947298 0.003902 1e-05 0.020196 1e-05 0.011644
1e-05 0.935652 1e-05 0.01135 0.029354 0.023614 1e-05
0.002348 0.948197 1e-05 0.02497 0.024455 1e-05 1e-05
1e-05 0.88207 0.004093 0.020362 0.011408 0.059871 0.022186
0.014236 0.862051 0.003041 0.009517 0.033698 0.077448 1e-05
0.017359 0.858785 0.018922 1e-05 1e-05 0.064421 0.040493
0.027671 0.661412 0.001725 0.001424 0.002531 0.226926 0.078312
0.296571 1e-05 0.703379 1e-05 1e-05 1e-05 1e-05
0.20496 1e-05 0.79499 1e-05 1e-05 1e-05 1e-05
1e-05 1e-05 0.99994 1e-05 1e-05 1e-05 1e-05
0.213742 1e-05 0.786208 1e-05 1e-05 1e-05 1e-05
1e-05 1e-05 0.99994 1e-05 1e-05 1e-05 1e-05
1e-05 1e-05 0.99994 1e-05 1e-05 1e-05 1e-05
1e-05 1e-05 0.019542 0.001313 0.929938 0.037971 0.011215
0.012927 1e-05 1e-05 1e-05 0.966318 1e-05 0.020715
1e-05 0.036638 0.007445 0.006636 0.775379 0.031131 0.14276
1e-05 0.054292 0.013104 1e-05 0.332573 0.008189 0.591822
0.001827 0.084072 0.011583 1e-05 0.320944 0.036902 0.544661
1e-05 1e-05 1e-05 1e-05 0.828593 1e-05 0.171357
1e-05 1e-05 0.006057 1e-05 0.824587 1e-05 0.169316
1e-05 0.008455 1e-05 0.010591 0.819541 0.161383 1e-05
1e-05 1e-05 1e-05 0.092185 0.381192 0.526583 1e-05
0.013281 0.886596 0.024002 0.005757 0.001335 0.042962 0.026067
1e-05 0.886616 0.009129 0.007129 1e-05 0.056163 0.040943
1e-05 0.921126 0.020223 1e-05 0.035336 0.004874 0.01842
0.192139 1e-05 0.807811 1e-05 1e-05 1e-05 1e-05
0.163355 1e-05 0.836595 1e-05 1e-05 1e-05 1e-05
1e-05 0.949052 0.001596 0.00907 0.040252 1e-05 1e-05
1e-05 0.948695 1e-05 0.02821 0.023055 1e-05 1e-05
0.000484 0.937724 1e-05 0.015073 0.030914 0.015784 1e-05
1e-05 1e-05 1e-05 0.015973 0.806803 0.177184 1e-05
0.006131 1e-05 1e-05 0.086887 0.368431 0.538521 1e-05
1e-05 1e-05 1e-05 0.087175 0.377219 0.535566 1e-05
0.00973 0.882371 0.023406 0.003197 1e-05 0.034949 0.046336
1e-05 0.913799 0.020334 1e-05 0.035527 0.011003 0.019318
0.00793 0.929081 1e-05 1e-05 1e-05 1e-05 0.062949
0.016565 0.903258 0.004205 0.015635 0.009191 0.028065 0.023082
0.009147 0.944048 0.012998 1e-05 0.020389 0.013398 1e-05
1e-05 0.931943 0.000932 0.025333 0.031108 1e-05 0.010663
1e-05 0.942452 1e-05 0.005256 0.052253 1e-05 1e-05
0.018579 0.863663 1e-05 0.004737 0.013011 0.089813 0.010187
0.02558 0.863413 1e-05 0.017204 0.004075 0.066456 0.023261
0.023473 0.868138 0.011406 0.002862 1e-05 0.044409 0.049702
