1e-05 1e-05 1e-05 1e-05 0.985399 0.008135 1e-05 0.001784 0.004632
1e-05 1e-05 1e-05 1e-05 0.99241 0.000354 1e-05 0.003533 0.003653
1e-05 0.002843 1e-05 1e-05 0.988844 1e-05 1e-05 1e-05 0.008253
1e-05 0.001272 1e-05 1e-05 0.979951 0.000402 0.007015 0.004497 0.006835
1e-05 0.001419 0.003071 0.009392 0.97927 0.004814 1e-05 1e-05 0.002005
1e-05 0.00074 0.007315 1e-05 0.986382 0.003253 1e-05 1e-05 0.00227
1e-05 1e-05 1e-05 1e-05 0.99992 1e-05 1e-05 1e-05 1e-05
1.3e-05 1e-05 1e-05 1.2e-05 0.991469 1e-05 1e-05 1e-05 0.008455
1.8e-05 1e-05 1e-05 1e-05 0.989782 1e-05 1e-05 1e-05 0.01014
1e-05 1e-05 1e-05 1e-05 0.986607 1e-05 1e-05 0.002599 0.010734
1e-05 1e-05 0.009105 1e-05 0.986029 0.004805 1e-05 1e-05 1e-05
1e-05 1e-05 0.013489 0.006672 0.976289 1e-05 1e-05 1e-05 0.0035
1e-05 1e-05 1e-05 1e-05 0.99992 1e-05 1e-05 1e-05 1e-05
1e-05 1e-05 1e-05 1e-05 0.99992 1e-05 1e-05 1e-05 1e-05
1e-05 1e-05 0.01673 1e-05 0.968338 0.013168 1e-05 1e-05 0.001715
1e-05 1e-05 0.006794 1e-05 0.955017 1e-05 0.025303 1e-05 0.012836
1e-05 0.005418 1e-05 0.000953 0.992107 0.001471 1e-05 1e-05 1e-05
1e-05 1e-05 0.67264 1e-05 0.217167 0.013214 0.075515 1e-05 0.021424
1e-05 0.001947 0.684285 1e-05 0.264579 0.028334 1e-05 1e-05 0.020815
0.007808 1e-05 0.643565 1e-05 0.201814 0.017467 0.122727 1e-05 0.006588
1e-05 1e-05 0.715454 1e-05 0.121392 0.013876 0.145588 1e-05 0.00365
0.003339 1e-05 0.653139 0.010941 0.161741 0.00619 0.153807 0.010823 1e-05
0.000466 1e-05 0.661661 1e-05 0.140884 0.047211 0.149737 1e-05 1e-05
1e-05 1e-05 0.737576 1e-05 0.06035 0.001824 0.197698 1e-05 0.002512
1e-05 0.01041 0.732944 1e-05 0.065811 0.012495 0.1783 1e-05 1e-05
0.012071 1e-05 0.721346 1e-05 0.042182 0.014841 0.204417 1e-05 0.005113
0.000587 1e-05 0.745277 0.000577 0.046049 0.021636 0.178641 0.007214 1e-05
1e-05 1e-05 0.692224 1e-05 0.092109 0.031127 0.18449 1e-05 1e-05
0.002638 1e-05 0.701598 1e-05 0.098001 0.001635 0.184603 1e-05 0.011495
1.1e-05 1e-05 0.705069 1e-05 0.095852 0.022056 0.16242 1e-05 0.014562
1e-05 0.011817 0.697711 0.011013 0.11008 0.025259 0.136279 1e-05 0.007821
1e-05 1e-05 0.682063 1.7e-05 0.106437 0.035317 0.175152 1e-05 0.000984
0.009689 0.005231 0.385339 0.02327 1e-05 1e-05 0.559114 0.007691 0.009647
1e-05 0.020121 0.327166 0.018023 0.032667 1e-05 0.582393 0.014454 0.005155
1e-05 0.008141 0.333531 0.019524 0.022871 1e-05 0.605378 0.009679 0.000855
1e-05 0.028175 0.410555 1e-05 0.004045 1e-05 0.520376 0.034192 0.002628
1e-05 0.038785 0.233457 0.005484 0.005947 0.307208 0.217306 0.191793 1e-05
1e-05 1e-05 1e-05 1e-05 0.99992 1e-05 1e-05 1e-05 1e-05
1e-05 0.007664 0.05692 1e-05 0.923775 1e-05 0.006476 1e-05 0.005126
1e-05 1e-05 0.665115 1e-05 0.242114 0.049551 0.043168 1e-05 1.2e-05
0.005197 1e-05 0.649822 1e-05 0.292748 0.02597 0.016094 1e-05 0.010139
1e-05 1e-05 0.722444 1e-05 0.094085 0.017759 0.165662 1e-05 1e-05
1e-05 1e-05 0.707021 1e-05 0.141811 0.042638 0.107143 1e-05 0.001347
1e-05 0.010824 0.661136 1e-05 0.148534 0.001407 0.169074 1e-05 0.008996
1e-05 1e-05 0.646393 1e-05 0.214581 0.032461 0.10483 0.001695 1e-05
1e-05 0.007392 0.729467 0.008925 0.046231 0.000761 0.200453 0.00511 0.00165
0.021863 1e-05 0.736321 1e-05 0.049143 0.039197 0.153437 1e-05 1e-05
0.007683 0.000578 0.730732 1e-05 0.045352 0.006716 0.203753 1e-05 0.005166
1e-05 0.00678 0.668509 1e-05 0.093989 0.010536 0.218773 1e-05 0.001383
1e-05 1e-05 0.71306 1e-05 0.099544 0.030366 0.150677 1e-05 0.006313
0.004593 1e-05 0.706997 1e-05 0.079958 0.035715 0.172697 1e-05 1e-05
0.02444 0.007987 0.413426 0.001228 0.004588 1e-05 0.509074 0.038797 0.000451
1e-05 1e-05 1e-05 0.003564 0.986178 1e-05 1e-05 0.008084 0.002124
1e-05 1e-05 1e-05 0.003733 0.985708 0.005177 0.005331 1e-05 1e-05
1e-05 1e-05 1e-05 1e-05 0.98046 1.9e-05 0.008107 1e-05 0.011364
0.000951 1e-05 0.003381 1e-05 0.987701 0.002495 0.005432 1e-05 1e-05
1e-05 1e-05 0.009738 1e-05 0.984413 1e-05 0.004772 0.001027 1e-05
1e-05 1e-05 1e-05 1e-05 0.99992 1e-05 1e-05 1e-05 1e-05
1e-05 1e-05 1e-05 0.001054 0.998072 1e-05 1e-05 1e-05 0.000814
1e-05 1e-05 0.006992 0.00055 0.954495 1e-05 0.016759 1e-05 0.021164
1e-05 1e-05 0.703413 1e-05 0.272806 0.023721 1e-05 1e-05 1e-05
1e-05 1e-05 0.680713 1e-05 0.249297 0.041187 0.010274 1e-05 0.01849
1e-05 1e-05 0.64092 1e-05 0.269494 0.053172 0.036363 1e-05 1e-05
1e-05 0.000468 0.669365 1e-05 0.098079 0.033805 0.17412 0.011021 0.013122
1e-05 0.024347 0.709653 1e-05 0.11549 1e-05 0.129286 1e-05 0.021184
1e-05 0.013753 0.662714 2e-05 0.129462 0.025042 0.164624 1e-05 0.004366
1e-05 0.008729 0.730288 1e-05 0.05451 0.011281 0.187246 1e-05 0.007917
1e-05 1e-05 0.75611 0.004177 0.039721 0.026838 0.156519 1e-05 0.016606
0.007343 1e-05 0.730472 0.014326 0.037582 0.030656 0.179591 1e-05 1e-05
0.001193 1e-05 0.724514 1e-05 0.057307 0.019459 0.194993 1e-05 0.002505
0.005604 1e-05 0.686859 1e-05 0.116051 0.004323 0.171503 1e-05 0.01563
1e-05 0.001009 0.731414 1e-05 0.099625 0.010262 0.149357 0.008303 1e-05
1e-05 1e-05 1e-05 0.00316 0.995089 1e-05 1e-05 0.001692 1e-05
1e-05 0.000732 1e-05 1e-05 0.98372 1e-05 0.005317 1e-05 0.010181
1e-05 0.007184 1e-05 1e-05 0.980849 1e-05 0.005689 1e-05 0.006228
1e-05 1e-05 0.012347 1e-05 0.972653 1e-05 1e-05 0.007748 0.007201
1e-05 1e-05 0.00628 1e-05 0.984255 0.009405 1e-05 1e-05 1e-05
1e-05 1e-05 1e-05 1e-05 0.99992 1e-05 1e-05 1e-05 1e-05
1e-05 1e-05 1e-05 1e-05 0.99992 1e-05 1e-05 1e-05 1e-05
1e-05 1e-05 0.021886 0.001535 0.952718 0.002019 1e-05 1e-05 0.021801
1e-05 1e-05 0.688394 1e-05 0.239811 0.051431 0.003486 1e-05 0.016838
1e-05 1e-05 0.675015 1e-05 0.256558 0.030459 0.022863 1e-05 0.015065
0.01435 1e-05 0.67614 1e-05 0.273042 0.020686 1e-05 1e-05 0.015741
0.018822 1e-05 0.660938 1e-05 0.129562 0.018034 0.159054 1e-05 0.01356
1e-05 1e-05 0.657778 1e-05 0.133418 0.031711 0.172923 0.003358 0.000781
0.008471 0.002328 0.679943 1e-05 0.125817 0.015998 0.158566 1e-05 0.008858
1e-05 1e-05 0.724482 1e-05 0.124876 0.034578 0.108525 1e-05 0.007498
0.004798 0.001498 0.715078 1e-05 0.066849 1e-05 0.205385 1e-05 0.006362
1e-05 1e-05 0.70555 1e-05 0.069531 1e-05 0.212424 0.012445 1e-05
1e-05 1e-05 0.735074 0.001806 0.059842 0.024675 0.178563 1e-05 1e-05
1e-05 1e-05 0.694654 1e-05 0.106859 0.023052 0.158552 1e-05 0.016843
1e-05 1e-05 1e-05 0.002635 0.991368 1e-05 1e-05 1e-05 0.005937
1e-05 0.002551 1e-05 1e-05 0.987441 1e-05 1e-05 1e-05 0.009947
1e-05 1e-05 1e-05 1e-05 0.989173 1e-05 1e-05 0.004353 0.006415
1e-05 1e-05 1e-05 1e-05 0.968893 1e-05 0.01513 1e-05 0.015917
1e-05 1e-05 0.018452 1e-05 0.975603 0.001915 1e-05 0.002419 0.001571
1e-05 1e-05 0.008636 0.007539 0.981023 1e-05 1e-05 1e-05 0.002752
1e-05 1e-05 1e-05 1e-05 0.99992 1e-05 1e-05 1e-05 1e-05
1e-05 1e-05 0.020853 8e-05 0.942187 0.010551 0.006665 1e-05 0.019633
1e-05 1e-05 1e-05 1e-05 0.99992 1e-05 1e-05 1e-05 1e-05
0.01183 1.4e-05 0.006186 1e-05 0.971037 0.006392 1e-05 1e-05 0.004512
1e-05 0.002013 0.015256 1e-05 0.943473 0.009133 0.012617 0.000825 0.016662
1e-05 1e-05 0.703092 0.004373 0.227992 0.025136 1e-05 0.014662 0.024714
1e-05 1e-05 0.655558 1e-05 0.252195 0.031396 0.043135 1e-05 0.017676
1e-05 0.000371 0.668289 1e-05 0.272686 0.038992 0.0106 1e-05 0.009031
0.006642 1e-05 0.675956 1e-05 0.121157 0.020225 0.173859 1e-05 0.002132
1e-05 1e-05 0.639922 1e-05 0.184262 0.010681 0.148275 1e-05 0.01682
0.000793 1e-05 0.690548 1e-05 0.17014 0.02188 0.101596 0.00244 0.012583
1e-05 1e-05 0.737933 1.3e-05 0.095948 0.030353 0.130758 1e-05 0.004965
1e-05 1e-05 0.75284 1e-05 0.040767 0.012556 0.177597 1e-05 0.016199
1e-05 0.008965 0.728327 1e-05 0.050401 1e-05 0.212257 1e-05 1e-05
1e-05 0.01245 0.745821 0.001329 0.032527 0.012778 0.179074 0.004165 0.011847
0.004163 1e-05 0.690978 1e-05 0.100003 0.009164 0.193971 1e-05 0.001691
1e-05 0.004062 0.693016 1.2e-05 0.105785 0.018208 0.162722 1e-05 0.016175
1e-05 1e-05 0.002265 1e-05 0.992839 1e-05 1e-05 1e-05 0.004836
1e-05 1e-05 1e-05 1e-05 0.995746 1e-05 1e-05 1e-05 0.004184
1e-05 1e-05 1e-05 0.002777 0.98988 1e-05 0.003832 0.001066 0.002405
1e-05 1e-05 0.00899 1e-05 0.986805 1e-05 1e-05 1e-05 0.004144
1e-05 1e-05 1e-05 1e-05 0.99992 1e-05 1e-05 1e-05 1e-05
1e-05 1e-05 1e-05 1e-05 0.99992 1e-05 1e-05 1e-05 1e-05
1e-05 1e-05 1e-05 1e-05 0.99992 1e-05 1e-05 1e-05 1e-05
1e-05 1e-05 0.089661 1e-05 0.875655 0.011932 0.000861 0.012004 0.009856
1e-05 1e-05 1e-05 0.003061 0.988672 1e-05 0.003489 0.004729 1e-05
1e-05 1e-05 0.635555 1e-05 0.275353 0.03678 0.038273 1e-05 0.013998
1e-05 1e-05 0.651199 1e-05 0.269345 0.021275 0.049319 1e-05 0.008822
1e-05 1e-05 0.672634 1.3e-05 0.265176 0.03963 0.008645 1e-05 0.013872
1.8e-05 1e-05 0.716029 1.1e-05 0.095448 0.031022 0.138396 1e-05 0.019055
1e-05 1e-05 0.67614 0.008089 0.118998 0.021606 0.169606 1e-05 0.005529
0.003691 1e-05 0.687645 1e-05 0.129381 0.035331 0.138522 1e-05 0.0054
1e-05 1e-05 0.724531 1e-05 0.10306 0.031424 0.140935 1e-05 1e-05
0.008425 1e-05 0.721321 1e-05 0.033097 0.034584 0.19856 1e-05 0.003983
1e-05 0.008221 0.733652 1e-05 0.041438 0.017933 0.198717 1e-05 1e-05
1e-05 1e-05 0.719783 0.002266 0.069491 0.024797 0.178831 1e-05 0.004802
1e-05 0.000556 0.728897 1e-05 0.037404 0.017938 0.205115 1e-05 0.010059
1e-05 0.000563 0.676306 0.003197 0.146663 1e-05 0.159362 0.00036 0.013529
1e-05 1e-05 0.585468 1e-05 0.211601 0.031668 0.170056 1e-05 0.001167
1e-05 1e-05 1e-05 1e-05 0.99992 1e-05 1e-05 1e-05 1e-05
0.005154 1e-05 1e-05 1e-05 0.986233 1e-05 1e-05 0.00068 0.007883
1e-05 1e-05 1e-05 1e-05 0.992656 1e-05 1e-05 1e-05 0.007274
1e-05 1e-05 1e-05 0.006694 0.972974 1e-05 0.013723 1e-05 0.006558
1e-05 0.004882 0.001122 1e-05 0.991716 1e-05 1e-05 1e-05 0.002229
1e-05 1e-05 0.010405 1e-05 0.978849 0.008201 1e-05 0.002496 1e-05
1e-05 1e-05 1e-05 1e-05 0.99992 1e-05 1e-05 1e-05 1e-05
1e-05 1e-05 0.083954 1e-05 0.878905 0.016823 0.01831 1e-05 0.001968
1e-05 1e-05 1e-05 1e-05 0.993002 0.005706 0.001232 1e-05 1e-05
1e-05 1e-05 0.634042 1e-05 0.301227 0.032559 0.023482 1e-05 0.00865
1e-05 1e-05 0.666615 1e-05 0.247032 0.031311 0.044713 1e-05 0.010289
1e-05 1e-05 0.676522 1e-05 0.137341 0.009418 0.146208 1e-05 0.030472
0.00508 1e-05 0.630785 1e-05 0.196085 0.02319 0.132161 1e-05 0.012669
1e-05 1e-05 0.72884 0.011922 0.111259 0.021045 0.116329 1e-05 0.010574
1e-05 0.014268 0.750705 1e-05 0.06011 1e-05 0.158977 1e-05 0.015899
1e-05 1e-05 0.725783 1e-05 0.047613 0.038488 0.188067 1e-05 1e-05
1e-05 1e-05 0.728821 1e-05 0.05458 0.021091 0.189401 0.000593 0.005484
1e-05 1e-05 0.737389 1e-05 0.051753 1e-05 0.192297 0.00657 0.01195
0.01117 1e-05 0.698662 1e-05 0.092691 0.03946 0.15547 1e-05 0.002518
1e-05 1e-05 1e-05 0.001298 0.988968 1e-05 1e-05 1e-05 0.009674
1e-05 1e-05 1e-05 0.004287 0.984903 0.001819 0.000357 1e-05 0.008593
0.006608 1e-05 1e-05 0.003148 0.982893 1e-05 1e-05 1e-05 0.007301
1e-05 1e-05 1e-05 0.001849 0.97199 0.006957 1e-05 0.00593 0.013233
0.001904 1e-05 0.008457 1e-05 0.981748 1e-05 0.000668 1e-05 0.007183
1e-05 1e-05 1e-05 1e-05 0.99992 1e-05 1e-05 1e-05 1e-05
1e-05 1e-05 0.007948 1e-05 0.98463 4.5e-05 0.005787 0.001549 1e-05
1e-05 0.002171 0.649495 1e-05 0.292167 0.046774 0.006605 1e-05 0.002758
1e-05 1e-05 0.6877 1e-05 0.126952 0.035919 0.142421 1e-05 0.006967
1e-05 1e-05 0.719898 1e-05 0.130838 0.002152 0.147062 1e-05 1e-05
1e-05 1e-05 0.708691 1e-05 0.118399 0.026328 0.146532 1e-05 1e-05
1e-05 1e-05 0.692213 1e-05 0.121395 0.030735 0.155604 1e-05 1.3e-05
1e-05 0.011914 0.697152 1e-05 0.101625 0.028014 0.160082 1e-05 0.001184
1e-05 0.011131 0.724488 1e-05 0.057766 1e-05 0.206565 1e-05 1e-05
1e-05 0.008402 0.721324 1e-05 0.056737 0.020156 0.188087 1e-05 0.005263
1e-05 1e-05 0.677996 1e-05 0.114702 0.030803 0.17645 1e-05 1e-05
0.003513 1e-05 1e-05 1e-05 0.992329 9e-05 0.000621 0.003407 1e-05
0.006336 1e-05 1e-05 1e-05 0.989288 1e-05 1e-05 1e-05 0.004317
1e-05 1.2e-05 0.003791 1e-05 0.988706 1e-05 1e-05 1e-05 0.007441
1e-05 1e-05 0.019876 1e-05 0.967348 0.002047 0.005461 0.005228 1e-05
1e-05 1e-05 1e-05 1e-05 0.99992 1e-05 1e-05 1e-05 1e-05
1e-05 1e-05 0.697499 1e-05 0.099087 0.013891 0.180772 1e-05 0.008711
1e-05 1e-05 0.721042 0.005091 0.066281 1e-05 0.20673 1e-05 0.000816
1e-05 1e-05 0.686796 0.007759 0.093501 0.0197 0.192205 1e-05 1e-05
1e-05 0.010678 0.730997 0.002751 0.055756 1e-05 0.189222 1e-05 0.010566
1e-05 0.01431 0.742695 1e-05 0.05015 0.021025 0.169219 1e-05 0.00257
1e-05 0.010765 0.695682 0.008748 0.106825 0.000739 0.17149 1e-05 0.005732
1e-05 0.000792 0.715826 1e-05 0.103344 0.031832 0.139212 0.008964 1e-05
0.010153 1e-05 0.696117 1e-05 0.094757 0.031427 0.149722 1e-05 0.017795
0.000811 0.007084 0.672755 1e-05 0.097144 0.024912 0.197264 1e-05 1e-05
0.010213 0.019157 0.388921 0.005778 0.020782 0.010925 0.526065 1e-05 0.018149
1e-05 0.022718 0.394002 0.019225 0.002712 1e-05 0.552293 1e-05 0.009019
1e-05 1e-05 0.390751 0.028305 0.023933 1e-05 0.539393 0.00069 0.016898
1e-05 1e-05 0.390995 0.031759 0.017005 1e-05 0.547837 0.00659 0.005784
0.022111 1e-05 0.354158 1e-05 0.032369 1e-05 0.569643 0.014505 0.007184
1e-05 1e-05 1e-05 1e-05 0.997624 1e-05 1e-05 1e-05 0.002306
1e-05 1e-05 1e-05 1e-05 0.992533 1e-05 1e-05 0.005105 0.002302
0.000185 1e-05 1e-05 1e-05 0.975179 0.007709 0.006305 1e-05 0.010582
1e-05 1e-05 0.004416 1e-05 0.984788 1e-05 0.004994 0.005752 1e-05
1e-05 0.000934 0.005832 1e-05 0.983714 1e-05 0.009471 1e-05 1e-05
1e-05 1e-05 1e-05 1e-05 0.99992 1e-05 1e-05 1e-05 1e-05
1e-05 1e-05 1e-05 1e-05 0.99992 1e-05 1e-05 1e-05 1e-05
1e-05 1e-05 0.712441 1e-05 0.098962 0.033078 0.155468 1e-05 1e-05
0.01216 1e-05 0.664465 1e-05 0.106901 0.015376 0.200022 1e-05 0.001045
1e-05 1e-05 0.745105 1e-05 0.068088 0.038301 0.148456 1e-05 1e-05
0.014053 1e-05 0.734627 1e-05 0.061761 0.025134 0.158971 1e-05 0.005425
1e-05 1e-05 0.741083 0.013258 0.04466 1e-05 0.20095 1e-05 1e-05
0.005389 0.000554 0.738498 1e-05 0.030371 0.002463 0.208244 1e-05 0.014462
0.004584 1e-05 0.688189 1e-05 0.099401 0.027325 0.1753 1e-05 0.00517
0.004058 1e-05 0.704265 1e-05 0.08663 0.020732 0.171605 0.005972 0.006719
1e-05 0.001976 0.644123 1e-05 0.184793 0.033293 0.119907 1e-05 0.015878
1e-05 0.0253 0.382632 1e-05 0.02988 0.000298 0.539912 0.021949 1e-05
0.010161 1e-05 0.440041 0.010764 0.010702 1e-05 0.498481 0.029822 1e-05
1e-05 0.010036 0.249471 0.012935 1e-05 0.2973 0.2077 0.222528 1e-05
1e-05 0.002031 1e-05 1e-05 0.975908 0.001516 0.007684 1.9e-05 0.012812
1e-05 1e-05 1e-05 0.001732 0.990055 1e-05 0.000793 1e-05 0.007369
1e-05 1e-05 0.011003 0.007039 0.981898 1e-05 1e-05 1e-05 1e-05
1e-05 1e-05 1e-05 1e-05 0.99992 1e-05 1e-05 1e-05 1e-05
0.013603 1e-05 0.69145 1e-05 0.11412 0.008437 0.145989 1e-05 0.026371
1e-05 1e-05 0.715381 1e-05 0.102398 0.024987 0.157184 1e-05 1e-05
1e-05 1e-05 0.730284 0.016071 0.050476 0.014559 0.183013 1e-05 0.005566
0.007259 0.000473 0.744276 0.007784 0.042903 0.018417 0.169174 0.000472 0.009242
0.003049 0.013354 0.745372 1e-05 0.035961 0.027204 0.17503 1e-05 1e-05
1e-05 1.7e-05 0.670762 1e-05 0.156938 0.022483 0.149391 1e-05 0.00038
0.00179 1e-05 0.742218 1e-05 0.055671 0.003044 0.175715 0.009654 0.011888
1e-05 1e-05 0.647284 1e-05 0.142095 0.014844 0.195726 1e-05 1e-05
0.021991 1e-05 0.405076 0.020743 1e-05 0.002969 0.54918 1e-05 1e-05
1e-05 0.011621 0.368879 0.031227 0.019392 1e-05 0.56653 0.002321 1e-05
0.022565 0.007078 0.295261 0.006183 0.004603 0.007686 0.630518 0.014768 0.011337
1e-05 1e-05 0.401414 0.036117 0.05448 1e-05 0.503602 0.003953 0.000405
1e-05 0.022251 0.301823 0.011129 1e-05 0.227604 0.2585 0.178663 1e-05
1e-05 0.009448 0.658752 1e-05 0.129097 0.038955 0.163708 1e-05 1e-05
1e-05 0.002054 1e-05 1e-05 0.988453 0.000238 1e-05 1e-05 0.009205
1e-05 1e-05 0.003714 0.005132 0.985906 0.000173 0.005034 1e-05 1e-05
1e-05 1e-05 1e-05 1e-05 0.99992 1e-05 1e-05 1e-05 1e-05
1e-05 0.000261 0.000599 1e-05 0.993168 1e-05 1e-05 0.005922 1e-05
1e-05 0.00503 0.639843 1e-05 0.268112 0.026226 0.039785 1e-05 0.020973
1e-05 1e-05 0.589455 1e-05 0.3411 0.014751 0.028587 0.023133 0.002944
1e-05 1e-05 0.735565 1e-05 0.089917 0.008294 0.166174 1e-05 1e-05
1e-05 1e-05 0.671173 1e-05 0.147176 0.031004 0.150597 1e-05 1e-05
0.002192 1e-05 0.737848 1e-05 0.048871 0.017538 0.176039 0.010603 0.006888
1e-05 0.005302 0.735857 1e-05 0.048114 0.034053 0.160001 1e-05 0.016643
1e-05 0.005859 0.739755 1e-05 0.067132 1e-05 0.173098 1e-05 0.014116
1e-05 0.025334 0.677419 0.003678 0.100091 0.005336 0.173346 0.012157 0.002629
1e-05 1e-05 0.661841 0.000394 0.147772 0.029646 0.160307 1e-05 1e-05
1e-05 0.010678 0.386737 0.008926 0.021547 1e-05 0.567493 0.004241 0.000357
1e-05 1e-05 0.306861 0.025694 0.051304 0.003431 0.600772 0.011908 1e-05
1e-05 1e-05 0.396932 0.041712 0.022113 1e-05 0.53254 1e-05 0.006663
0.008293 1e-05 0.404016 0.033547 0.019457 1e-05 0.534648 1e-05 1e-05
1e-05 0.014527 0.674067 1e-05 0.115147 0.017974 0.165461 1e-05 0.012794
1e-05 0.006238 0.716315 1e-05 0.090799 0.008677 0.15825 1e-05 0.019691
1e-05 1e-05 0.650477 0.001432 0.175787 0.022817 0.149447 1e-05 1e-05
0.017982 0.004298 0.374455 1e-05 0.02091 0.000465 0.552435 0.006106 0.02334
0.030355 1e-05 0.418901 1e-05 0.009367 1e-05 0.512463 0.028874 1e-05
1e-05 1e-05 0.450388 0.026201 0.022796 1e-05 0.496548 0.004026 1e-05
1e-05 1e-05 0.411752 0.062886 0.016883 1e-05 0.508429 1e-05 1e-05
1e-05 0.024138 0.293862 1e-05 1e-05 0.290533 0.19312 0.178604 0.019712
0.007968 1e-05 0.282501 0.011195 1e-05 0.26371 0.246162 0.187554 0.000891
1e-05 0.01078 0.418771 0.017865 0.031888 1e-05 0.520655 1e-05 1e-05
0.025734 1e-05 0.445984 1e-05 0.039872 1e-05 0.486433 0.001938 1e-05
0.023168 1e-05 0.257157 0.024208 0.060844 0.000628 0.626758 1e-05 0.007216
1e-05 1e-05 0.288169 0.041438 1e-05 1e-05 0.611924 0.0273 0.03113
1e-05 1e-05 0.278803 0.047001 0.000146 0.012446 0.62427 0.02549 0.011823
0.011225 0.001202 0.327464 0.03582 1e-05 1e-05 0.56316 0.040792 0.020318
0.005734 0.022714 0.36099 0.000819 0.023122 1e-05 0.542827 0.02831 0.015474
1e-05 1e-05 0.342504 0.037403 1e-05 1e-05 0.55121 0.052142 0.016701
0.01126 0.023111 0.274766 1e-05 1e-05 0.058138 0.547678 0.077838 0.00719
0.003633 1e-05 0.291164 0.04967 1e-05 0.039137 0.54092 0.050018 0.025438
1e-05 1e-05 1e-05 1e-05 1e-05 0.970067 1e-05 0.027252 0.002621
1e-05 1e-05 1e-05 1e-05 1e-05 0.872188 0.012972 0.110979 0.003811
0.007214 1e-05 1e-05 1e-05 1e-05 0.972235 0.007548 0.008211 0.004753
0.00171 0.002524 0.008539 1e-05 0.007929 0.854994 0.011264 0.106476 0.006554
1e-05 1e-05 0.684293 0.000213 0.116432 0.020336 0.174761 1e-05 0.003935
1e-05 0.007127 0.691885 1e-05 0.114315 0.023371 0.163262 1e-05 1e-05
0.003547 1e-05 0.685784 1e-05 0.100689 0.034042 0.164981 1e-05 0.010927
1e-05 0.026093 0.382137 0.017796 0.035137 0.003205 0.505997 0.02763 0.001995
0.018173 1e-05 0.40561 0.025881 0.042852 1e-05 0.495009 0.012445 1e-05
1e-05 1e-05 0.403059 0.035284 0.011833 1e-05 0.540602 1e-05 0.009182
0.005203 0.016029 0.330376 1e-05 0.031259 1e-05 0.602189 0.014914 1e-05
1e-05 1e-05 0.281935 0.023272 0.008189 0.277401 0.194249 0.214924 1e-05
1e-05 1e-05 0.434016 0.014254 0.018257 1e-05 0.532127 0.001306 1e-05
1e-05 1e-05 0.435854 0.020842 0.054544 1e-05 0.481519 0.0072 1e-05
1e-05 1e-05 0.24249 0.02688 0.048238 0.001913 0.624008 0.03858 0.017871
0.025224 0.002238 0.277986 0.028028 1e-05 0.015665 0.629315 1e-05 0.021524
0.03371 1e-05 0.376721 1e-05 0.002703 0.003663 0.525276 0.040388 0.017518
1e-05 1e-05 0.24775 0.017934 0.028801 0.010598 0.632833 0.048225 0.013839
0.018481 0.025256 0.324257 0.005809 0.01623 1e-05 0.558651 0.044231 0.007074
0.000716 1e-05 0.35685 0.055001 0.009489 1e-05 0.549211 0.028702 1e-05
0.030363 1e-05 0.233931 0.028691 0.007905 0.072705 0.55986 0.050938 0.015597
0.000344 1e-05 0.284393 0.036599 0.006489 0.078588 0.508306 0.077958 0.007312
0.001353 0.007464 1e-05 1e-05 1e-05 0.967879 1e-05 0.023255 1e-05
1e-05 1e-05 1e-05 1e-05 1e-05 0.950304 1e-05 0.049626 1e-05
1e-05 1e-05 1e-05 1e-05 1e-05 0.968627 1e-05 0.002692 0.028621
1e-05 1e-05 0.012631 1e-05 1e-05 0.849947 0.004743 0.132628 1e-05
1e-05 1e-05 0.663774 0.008162 0.14273 0.001725 0.183569 1e-05 1e-05
1.3e-05 1e-05 0.68264 0.017556 0.09862 0.017683 0.171027 1e-05 0.012442
1e-05 1e-05 0.702655 1e-05 0.096834 0.015276 0.170083 1e-05 0.015112
1e-05 0.012504 0.374287 0.008919 0.056961 1e-05 0.518092 0.006013 0.023205
0.021733 1e-05 0.389645 0.007999 0.015472 1e-05 0.552015 0.00871 0.004406
1e-05 0.030833 0.411753 1e-05 0.017025 0.014855 0.457592 0.035154 0.032768
1e-05 1e-05 0.337552 0.020612 0.019221 0.005153 0.582276 0.01957 0.015596
0.013292 1e-05 0.257676 0.012706 0.017788 0.279506 0.191335 0.215435 0.012252
0.021654 1e-05 0.248177 0.000131 1e-05 0.297875 0.213176 0.217736 0.00123
1e-05 0.02472 0.391852 1e-05 0.092362 1e-05 0.470251 0.020774 1e-05
1e-05 0.022722 0.273381 1e-05 0.092743 0.011158 0.583642 0.010776 0.00556
1e-05 1e-05 0.226248 0.032954 0.006699 0.006648 0.69043 0.020971 0.016029
1e-05 1e-05 0.308068 0.035265 1e-05 0.014301 0.612836 0.029491 1e-05
0.030879 1e-05 0.421376 0.009463 0.010981 0.020874 0.451719 0.038617 0.016081
0.019515 0.024694 0.222141 1e-05 1e-05 0.009767 0.674584 0.032778 0.0165
0.025003 1e-05 0.393245 0.007252 0.025311 1e-05 0.536302 0.002749 0.010118
0.002907 1e-05 0.351893 0.044711 0.003273 1e-05 0.551526 0.0333 0.012371
0.02015 1e-05 0.334269 0.019601 0.006193 1e-05 0.571158 0.048599 1e-05
1e-05 1e-05 0.278789 0.025689 0.002822 0.057649 0.555049 0.056064 0.023918
0.003646 1e-05 0.278211 0.045329 0.008189 0.071197 0.520631 0.061437 0.011351
1e-05 1e-05 1e-05 1e-05 1e-05 0.933121 1e-05 0.066809 1e-05
1e-05 1e-05 1e-05 1e-05 1e-05 0.951 1e-05 0.04893 1e-05
0.000285 1e-05 1e-05 1e-05 1e-05 0.955058 1e-05 0.044597 1e-05
1e-05 1e-05 0.010834 1e-05 1e-05 0.866666 0.004026 0.118424 1e-05
1e-05 0.000655 0.692119 1e-05 0.113843 0.010662 0.169302 1e-05 0.01339
0.009619 1e-05 0.400111 0.026375 0.066176 1e-05 0.489798 1e-05 0.007891
1e-05 0.039069 0.137367 1e-05 1e-05 0.021956 0.727086 0.047505 0.026986
0.003668 0.035789 0.332557 0.009866 0.020687 1e-05 0.575658 0.021754 1e-05
1e-05 1e-05 0.275394 0.027731 0.00616 0.29693 0.236894 0.14719 0.009681
1e-05 1e-05 0.710495 1e-05 0.087417 0.042436 0.159601 1e-05 1e-05
0.00815 0.020419 0.252404 0.016493 0.006043 0.275559 0.20609 0.197509 0.017332
1e-05 0.010347 0.403985 0.02148 0.025271 1e-05 0.512328 0.015102 0.011467
1e-05 0.028041 0.248511 1e-05 0.015371 0.029932 0.659299 0.012592 0.006234
0.023168 1e-05 0.252869 1e-05 0.00158 0.011926 0.670633 0.031479 0.008326
0.041581 1e-05 0.326456 0.002831 1e-05 0.001747 0.582439 0.035924 0.009003
0.002372 1e-05 0.361643 0.031158 0.007165 1e-05 0.541137 0.050904 0.005601
0.001022 1e-05 0.347214 0.026342 1e-05 1e-05 0.597381 0.028002 1e-05
0.005726 0.01392 0.33615 0.035676 0.01062 1e-05 0.558506 0.037326 0.002066
0.014356 1e-05 0.331697 0.054844 0.018316 1e-05 0.573009 0.007748 1e-05
1e-05 0.029101 0.266065 0.015731 0.006137 0.071135 0.523955 0.057906 0.029961
0.032148 1e-05 0.299586 1e-05 0.010266 0.065766 0.519012 0.07031 0.002891
1e-05 1e-05 1e-05 1e-05 1e-05 0.912276 0.009568 0.074795 0.003311
1e-05 1e-05 1e-05 1e-05 1e-05 0.992403 0.004963 0.002572 1.2e-05
0.004531 0.003149 1e-05 0.000507 1e-05 0.964928 1e-05 0.026318 0.000538
0.002555 1e-05 0.005571 1e-05 1e-05 0.869023 0.01937 0.103441 1e-05
1e-05 1e-05 8.4e-05 1e-05 0.992952 0.005619 0.000957 1e-05 0.000349
1e-05 1e-05 1e-05 1e-05 1e-05 0.971169 1e-05 0.027518 0.001253
0.010664 1e-05 1e-05 0.010879 0.001162 0.874473 1e-05 0.080307 0.022486
1e-05 1e-05 1e-05 1e-05 1e-05 0.956996 1e-05 0.029887 0.013057
1e-05 0.00958 0.011689 1e-05 1e-05 0.646695 0.006174 0.325822 1e-05
0.015211 1e-05 0.024148 0.010341 0.004097 0.792419 0.010129 0.143635 1e-05
1e-05 1e-05 1e-05 1e-05 0.000529 0.558795 1e-05 0.440616 1e-05
1e-05 1e-05 0.013432 0.004703 1e-05 0.75295 0.005361 0.223515 1e-05
0.033689 1e-05 0.249836 1e-05 0.013341 0.344143 0.166064 0.192897 1e-05
1e-05 1e-05 1e-05 1e-05 7e-04 0.944162 4.8e-05 0.047019 0.00803
1e-05 1e-05 1e-05 0.010803 1e-05 0.917075 1e-05 0.072062 1e-05
1e-05 0.010006 0.012137 0.011441 1e-05 0.629558 0.033577 0.297093 0.006168
0.002925 0.013201 0.028142 0.011504 1e-05 0.69575 0.000406 0.248052 1e-05
0.014416 1e-05 0.038539 1e-05 1e-05 0.708995 1e-05 0.237435 0.000574
1e-05 1e-05 0.286181 0.046504 0.003438 0.325761 0.174498 0.163589 1e-05
1e-05 1e-05 1e-05 1e-05 0.002375 0.918942 0.003787 0.074846 1e-05
0.003923 1e-05 1e-05 1e-05 1e-05 0.863293 1e-05 0.116553 0.016181
0.006558 1e-05 1e-05 0.001451 1e-05 0.948759 0.001554 0.041638 1e-05
0.005673 1e-05 0.02205 1e-05 0.005335 0.64951 0.021482 0.29592 1e-05
1e-05 0.00561 0.022959 1e-05 1e-05 0.725546 0.015899 0.229946 1e-05
1e-05 1e-05 1e-05 0.011564 1e-05 0.752687 1e-05 0.230941 0.004759
1e-05 1e-05 0.037428 0.019461 1e-05 0.67398 0.015647 0.239516 0.013938
0.009602 1e-05 0.239619 0.014269 0.001214 0.37305 0.172 0.18518 0.005056
1e-05 1e-05 0.67361 0.00299 0.101575 0.020047 0.199982 1e-05 0.001765
1e-05 1e-05 0.711192 1e-05 0.097144 0.004221 0.163134 0.021392 0.002887
0.013565 0.004273 0.428759 1e-05 0.026571 1e-05 0.513133 0.007528 0.006151
0.018068 0.005325 0.362743 0.012728 0.050859 1e-05 0.543401 1e-05 0.006857
0.000456 0.018051 0.381937 0.019581 0.008188 1e-05 0.566834 0.004933 1e-05
1e-05 1.2e-05 0.407876 0.022381 0.013821 1e-05 0.542341 0.013539 1e-05
1e-05 0.021876 0.333542 1e-05 0.040509 1e-05 0.591592 0.012442 1e-05
0.044654 1e-05 0.227825 1e-05 0.013433 0.324668 0.172581 0.216809 1e-05
1e-05 1e-05 0.235997 0.019544 0.005024 0.3002 0.231602 0.20687 0.000745
1e-05 0.009768 0.414995 0.015963 0.033007 1e-05 0.514997 1e-05 0.01124
1e-05 1e-05 0.415545 0.014384 0.081234 1e-05 0.46204 0.025395 0.001373
0.000636 0.023114 0.289749 0.029627 1e-05 1e-05 0.607663 0.029117 0.020075
1e-05 0.014211 0.354442 0.027123 0.009017 0.005324 0.534327 0.046727 0.00882
0.014487 1e-05 0.351869 0.030239 0.005191 1e-05 0.573407 0.024777 1e-05
1.6e-05 1e-05 0.364781 0.052356 1e-05 1e-05 0.543303 0.037922 0.001592
0.024431 1e-05 0.348215 0.018426 1e-05 1e-05 0.568135 0.040753 1e-05
0.004169 1e-05 0.210969 0.026621 1e-05 0.069087 0.606 0.058543 0.024591
0.013444 1e-05 0.258762 0.033826 1e-05 0.065284 0.551888 0.056344 0.020432
1e-05 1e-05 1e-05 1e-05 1e-05 0.917999 1e-05 0.081931 1e-05
1e-05 0.004828 1e-05 0.000653 1e-05 0.994456 1e-05 1.3e-05 1e-05
1e-05 1e-05 1e-05 1e-05 1e-05 0.927028 1e-05 0.072902 1e-05
1e-05 1e-05 0.03363 1e-05 0.003491 0.835871 0.002818 0.112946 0.011215
0.019588 1e-05 0.236631 0.013335 1e-05 0.305858 0.21538 0.209178 1e-05
0.019289 1e-05 0.386589 0.015019 0.019012 0.161186 0.285034 0.105931 0.007929
0.008362 0.025184 0.281405 1e-05 0.054303 0.01131 0.591979 0.023719 0.003729
1e-05 1e-05 0.402956 0.044383 0.018994 1e-05 0.518618 0.00889 0.006128
0.012782 0.030977 0.261093 0.01597 0.018139 0.012407 0.638244 0.002175 0.008213
0.005181 0.010402 0.326902 0.026595 0.004487 1e-05 0.60592 0.020493 1e-05
1e-05 0.009288 0.311548 0.021561 0.007554 0.01569 0.577739 0.05481 0.001801
0.002233 0.016073 0.364362 0.019038 0.014281 1e-05 0.536239 0.039877 0.007887
0.011685 1e-05 0.370887 0.023478 1e-05 1e-05 0.548834 0.045077 1e-05
1e-05 1e-05 0.309723 0.057177 1e-05 1e-05 0.628648 0.0044 1.2e-05
0.002748 1e-05 0.247055 0.049031 1e-05 0.072156 0.559387 0.065921 0.003682
0.008809 1e-05 0.256211 0.035349 0.012396 0.064618 0.551908 0.063046 0.007652
1e-05 1e-05 0.008871 0.005897 1e-05 0.919796 1e-05 0.062018 0.003378
0.002976 1e-05 1e-05 1e-05 1e-05 0.957868 1e-05 0.039096 1e-05
1e-05 1e-05 0.013552 1e-05 0.011743 0.847532 0.018051 0.109082 1e-05
1e-05 1e-05 1e-05 0.004198 1e-05 0.950278 1e-05 0.03733 0.008144
0.002539 1e-05 1e-05 1e-05 1e-05 0.791923 0.009437 0.172847 0.023214
1e-05 1e-05 1e-05 0.000225 1e-05 0.95044 1e-05 0.03846 0.010825
1e-05 1e-05 0.003298 1e-05 0.000927 0.512225 1e-05 0.483491 1.9e-05
1e-05 0.012929 0.025928 1e-05 1e-05 0.658616 1e-05 0.296411 0.006077
0.01006 1.4e-05 0.020955 1e-05 0.009822 0.721505 0.002888 0.234736 1e-05
0.003803 0.035435 0.260222 1e-05 1e-05 0.312979 0.208313 0.179218 1e-05
1.1e-05 0.050313 0.243528 1e-05 0.00722 0.282953 0.207711 0.204102 0.004152
1e-05 0.016404 0.388496 1e-05 0.043285 1e-05 0.536281 0.015493 1e-05
2e-05 0.02092 0.397598 0.016526 0.027127 1e-05 0.516306 0.02046 0.001033
0.009008 1e-05 0.249818 0.032022 0.002414 0.032158 0.633551 0.031293 0.009726
1e-05 0.014774 0.241151 0.016941 0.015656 0.022102 0.643877 0.022885 0.022603
0.003518 0.055611 0.324338 1e-05 1e-05 1e-05 0.577089 0.013948 0.025467
0.026107 0.021685 0.298775 0.010094 1e-05 0.004829 0.585611 0.039489 0.013401
0.001839 1e-05 0.33081 0.028268 0.005664 1e-05 0.600131 0.033259 1e-05
1e-05 1e-05 0.369807 0.04082 1e-05 1e-05 0.577178 0.010344 0.001811
0.050663 1e-05 0.276661 0.005307 0.003271 0.058765 0.533142 0.067693 0.004487
1e-05 1e-05 1e-05 0.010107 1e-05 0.896946 1e-05 0.092038 0.00086
1e-05 1e-05 1e-05 1e-05 1e-05 0.966276 1e-05 0.024528 0.009136
1e-05 1e-05 1e-05 0.002904 1e-05 0.973243 0.001604 0.01691 0.005299
1e-05 0.002612 0.018765 0.011064 1e-05 0.849319 0.002274 0.115935 1e-05
1e-05 1e-05 1e-05 1e-05 1e-05 0.94365 1e-05 0.047987 0.008303
1e-05 1e-05 1e-05 0.021739 1e-05 0.812648 0.021365 0.117793 0.026415
1e-05 1e-05 1e-05 1e-05 1e-05 0.954463 1e-05 0.04544 3.7e-05
0.004996 1e-05 0.012513 1e-05 0.005599 0.654861 1e-05 0.321992 1e-05
1e-05 1e-05 1e-05 1e-05 0.000234 0.577085 0.014501 0.407263 0.000877
0.000575 1e-05 0.006967 1e-05 0.000751 0.735547 1e-05 0.244997 0.011133
0.022696 0.005085 0.227214 0.0068 1e-05 0.324559 0.131253 0.270637 0.011745
1e-05 0.024605 0.397048 0.010218 0.06286 0.003008 0.489629 0.006436 0.006185
0.004475 1e-05 0.370047 0.020475 0.051348 1e-05 0.525783 0.027842 1e-05
1e-05 0.00606 0.33651 0.018165 0.02897 0.001255 0.571048 0.027652 0.01033
0.04155 1e-05 0.28449 1e-05 0.000968 0.026233 0.605757 0.026052 0.01493
0.009714 0.011185 0.282745 0.004735 1e-05 1e-05 0.650223 0.039535 0.001843
0.001244 0.012802 0.383467 0.027557 1e-05 1e-05 0.513503 0.061397 1e-05
0.027012 1e-05 0.387549 0.001907 0.016716 1e-05 0.554866 1e-05 0.01192
0.047427 1e-05 0.345182 0.006773 0.001997 1e-05 0.557358 0.034333 0.00691
1e-05 1e-05 0.353939 0.04338 1e-05 1e-05 0.585995 0.016636 1e-05
1e-05 0.021649 0.264984 0.005097 1e-05 0.069272 0.565484 0.068651 0.004843
0.043236 1e-05 0.229872 0.012496 0.001968 0.046336 0.56163 0.07239 0.032061
1e-05 1e-05 0.000448 1e-05 1e-05 0.894691 0.014833 0.088388 0.0016
1e-05 1e-05 1e-05 1e-05 1e-05 0.988118 1e-05 0.011812 1e-05
1e-05 2e-05 1e-05 0.003753 0.001769 0.966877 0.001084 0.024069 0.002409
0.010051 0.010019 0.006521 1e-05 1e-05 0.825371 0.020876 0.123302 0.003839
1e-05 1e-05 1e-05 1e-05 1e-05 0.907935 1e-05 0.091995 1e-05
0.010969 1e-05 0.00147 1e-05 1e-05 0.84802 0.007924 0.113416 0.01817
1e-05 1e-05 1e-05 1e-05 1e-05 0.951741 1e-05 0.041072 0.007126
1e-05 1e-05 1e-05 0.001384 1e-05 0.385732 1e-05 0.612824 1e-05
1e-05 1e-05 0.03314 0.001006 0.002855 0.71489 1e-05 0.241634 0.006445
0.017772 1e-05 0.077683 1e-05 0.005032 0.723868 0.008724 0.164085 0.002817
0.000874 1e-05 0.316818 0.043365 1e-05 0.27917 0.207891 0.133381 0.018481
0.012723 0.010839 0.239877 0.014493 0.000656 0.278612 0.267214 0.16593 0.009656
1e-05 0.035873 0.37347 1e-05 0.063538 1e-05 0.521711 0.002958 0.002421
1e-05 0.000363 0.393634 0.025853 0.051568 1e-05 0.512657 0.009485 0.00642
1e-05 0.03118 0.269702 0.018589 0.017092 0.001098 0.644284 0.018035 1e-05
0.007767 0.009061 0.192003 0.033477 0.010672 1e-05 0.713607 0.013091 0.020312
0.044371 1e-05 0.379586 1e-05 0.010396 1e-05 0.525941 0.032729 0.006947
0.011216 1.6e-05 0.396157 0.031048 0.006468 1e-05 0.507124 0.045197 0.002764
0.010684 1e-05 0.34387 0.047141 1e-05 1e-05 0.582435 0.01583 1e-05
1e-05 0.017745 0.373871 0.029631 1e-05 1e-05 0.56455 0.014164 1e-05
0.004517 1e-05 0.35647 0.043125 0.002375 1e-05 0.554761 0.033783 0.004948
1e-05 0.04243 0.271138 0.013732 0.009351 0.058198 0.526497 0.078635 1e-05
0.016993 1e-05 0.261451 0.023311 0.005645 0.032997 0.563294 0.075245 0.021054
1e-05 0.004891 1e-05 0.003117 0.002555 0.880924 1e-05 0.10731 0.001174
1e-05 1e-05 0.005908 0.011134 1e-05 0.927826 1e-05 0.04707 0.008022
0.006105 0.00673 1e-05 1e-05 1e-05 0.981963 1e-05 0.005152 1e-05
1e-05 0.005528 0.013588 1e-05 1e-05 0.836301 0.005361 0.137476 0.001715
1e-05 1e-05 1e-05 0.005532 1e-05 0.912146 1e-05 0.074879 0.007393
1e-05 1e-05 1e-05 1e-05 1e-05 0.94477 1e-05 0.045116 0.010054
1e-05 1e-05 0.022932 1e-05 1e-05 0.663178 1e-05 0.310597 0.003243
0.001335 1e-05 0.011826 1e-05 1e-05 0.643444 0.010414 0.327417 0.005534
1e-05 0.004855 0.033346 1e-05 0.000946 0.712912 0.0161 0.231812 1e-05
0.004287 1e-05 1e-05 1e-05 1e-05 0.583359 1e-05 0.412295 1e-05
1e-05 1e-05 1e-05 1e-05 1e-05 0.96647 0.021305 1e-05 0.012165
1.2e-05 1e-05 0.258042 0.024129 0.022273 0.301 0.184435 0.21009 1e-05
0.015054 1e-05 0.376554 0.017264 0.019278 1e-05 0.571461 1e-05 0.000359
1e-05 1e-05 0.314885 0.021429 0.005242 0.009116 0.583747 0.043615 0.021945
0.007103 0.00235 0.347651 0.05993 1e-05 1e-05 0.529933 0.050938 0.002075
0.015613 1e-05 0.353375 0.039168 0.000958 1e-05 0.545894 0.02912 0.01585
1e-05 0.025559 0.282616 0.041528 0.003538 0.064306 0.527199 0.046179 0.009065
0.037075 0.002978 0.261142 1e-05 1e-05 0.0634 0.569727 0.065647 1e-05
1e-05 1e-05 1e-05 1e-05 1e-05 0.953004 1e-05 0.038495 0.008441
1e-05 1e-05 1e-05 1e-05 1e-05 0.953308 1e-05 0.046622 1e-05
1e-05 1e-05 1e-05 0.000551 1e-05 0.946831 1e-05 0.049866 0.002702
1e-05 1e-05 1e-05 1e-05 1e-05 0.945036 1e-05 0.0371 0.017804
1e-05 0.015243 0.400387 0.014594 0.037394 1e-05 0.525757 0.006595 1e-05
1e-05 1e-05 1e-05 0.006619 1e-05 0.84264 1e-05 0.132908 0.017783
1e-05 1e-05 1e-05 0.001756 1e-05 0.941799 1e-05 0.056015 0.00038
1e-05 1e-05 0.015518 1.6e-05 1e-05 0.491732 1e-05 0.492684 1e-05
1e-05 0.016447 0.017279 1e-05 1e-05 0.644101 0.006008 0.316124 1e-05
0.00826 1e-05 0.001876 0.007691 0.002679 0.607071 1e-05 0.363941 0.008462
0.026383 1e-05 0.313319 1e-05 1e-05 0.261549 0.239763 0.153971 0.004984
1e-05 1e-05 1e-05 1e-05 1e-05 0.970657 0.01283 1e-05 0.016453
0.02854 1e-05 0.368305 1e-05 0.070056 1e-05 0.513335 0.016948 0.002786
1e-05 1e-05 0.424163 0.020441 0.025515 1e-05 0.522996 1e-05 0.006845
1e-05 0.000492 0.245787 0.015222 0.079879 0.008018 0.614543 0.018712 0.017337
0.004286 0.03787 0.287038 1e-05 0.00348 0.014866 0.612752 0.031082 0.008618
0.027319 1e-05 0.368583 0.023559 0.012944 0.009805 0.50871 0.027835 0.021235
1e-05 1e-05 0.340745 0.022208 1e-05 1e-05 0.58842 0.048025 0.000562
1e-05 1e-05 0.415493 0.01745 0.059821 0.01104 0.496155 1e-05 1e-05
1e-05 0.01243 0.254269 0.015175 0.019325 1e-05 0.639074 0.029019 0.030689
0.014502 0.014787 0.357555 0.013777 0.016153 0.014321 0.528543 0.033944 0.006418
0.011327 1e-05 0.335696 0.019839 0.004258 0.021157 0.552186 0.046513 0.009014
1e-05 1e-05 1e-05 0.007148 1e-05 0.957317 1e-05 0.030676 0.004809
1e-05 0.020771 0.005551 1e-05 0.001753 0.604801 1e-05 0.367083 1e-05
1e-05 1e-05 1e-05 1e-05 1e-05 0.830215 0.011233 0.127376 0.031125
1e-05 1e-05 1e-05 1e-05 1e-05 0.925412 1e-05 0.046506 0.028022
0.003451 1e-05 0.018019 1e-05 1e-05 0.572007 0.016186 0.390297 1e-05
1e-05 1e-05 0.027943 0.017744 0.002644 0.736515 0.006154 0.20897 1e-05
1e-05 0.004661 0.188952 0.007726 0.005582 0.560276 0.017599 0.207453 0.007741
1e-05 1e-05 0.282884 0.039437 0.002686 0.315855 0.182319 0.176789 1e-05
1e-05 1e-05 1e-05 0.019267 1e-05 0.954582 0.005603 1e-05 0.020498
0.023341 1e-05 0.35045 0.020818 0.001639 1e-05 0.557252 0.04647 1e-05
0.036072 1e-05 0.231691 0.015827 0.013148 0.053551 0.560134 0.070487 0.019082
0.024321 1e-05 0.256004 0.008052 1e-05 0.072985 0.565523 0.055736 0.017358
0.012452 0.025626 0.267708 0.005053 1e-05 0.053717 0.55123 0.07352 0.010685
1e-05 1e-05 1e-05 1e-05 0.001205 0.991499 1e-05 0.007237 1e-05
1e-05 1e-05 1e-05 1e-05 1e-05 0.959898 1e-05 0.040032 1e-05
1e-05 0.000867 1e-05 1e-05 1e-05 0.922703 1e-05 0.07637 1e-05
1e-05 1e-05 1e-05 0.009684 1e-05 0.951071 1e-05 0.028621 0.010573
1e-05 1e-05 1e-05 1e-05 1e-05 0.834871 1e-05 0.142412 0.022657
1e-05 1e-05 1e-05 1e-05 1e-05 0.454868 3.2e-05 0.54504 1e-05
1e-05 1e-05 0.032396 1e-05 0.001055 0.626022 0.006813 0.333674 1e-05
1e-05 1e-05 0.048203 0.00971 1e-05 0.737037 1e-05 0.205 1e-05
1e-05 0.006154 0.011753 1e-05 0.000317 0.68622 0.008186 0.287341 1e-05
0.003665 1e-05 0.016146 1e-05 1e-05 0.760892 0.006647 0.206581 0.006039
1e-05 1e-05 1e-05 0.00078 1e-05 0.968206 0.009785 1e-05 0.021179
0.003845 1e-05 1e-05 1e-05 0.004214 0.859217 1e-05 0.120672 0.012012
1e-05 1e-05 1e-05 0.004729 1e-05 0.917604 1e-05 0.06065 0.016968
0.011448 1e-05 0.016551 1e-05 1e-05 0.600154 1e-05 0.366862 0.004945
1e-05 1e-05 0.020698 1e-05 1e-05 0.655845 0.015928 0.299462 0.008027
0.016108 1e-05 0.001486 1e-05 0.015172 0.695851 1e-05 0.267684 0.003669
0.014726 1e-05 0.299269 0.006154 0.012633 0.298241 0.19501 0.165476 0.008481
1e-05 1e-05 1e-05 1e-05 1e-05 0.972944 1e-05 1e-05 0.026986
1e-05 1e-05 1e-05 1e-05 1e-05 0.984965 0.007325 1e-05 0.007649
1e-05 1e-05 0.003803 1e-05 0.003853 0.939587 0.008017 0.026583 0.018128
1e-05 1e-05 1e-05 0.006578 1e-05 0.984248 1e-05 1e-05 0.009114
0.004452 1e-05 0.023874 0.003001 0.011964 0.730687 0.052301 0.173702 1e-05
1e-05 0.00505 0.043831 1e-05 9e-04 0.318506 0.028808 0.595771 0.007114
0.001368 0.000673 0.104526 0.004346 1e-05 0.300992 0.016314 0.562909 0.008862
1e-05 1e-05 1e-05 1e-05 1e-05 0.838626 1e-05 0.161304 1e-05
1e-05 1e-05 1e-05 1e-05 1e-05 0.839469 1e-05 0.160461 1e-05
0.00402 0.003396 1e-05 1e-05 1e-05 0.82938 1e-05 0.163154 1e-05
1e-05 0.000441 1e-05 1e-05 0.01025 0.937145 0.020989 0.007571 0.023574
1e-05 1e-05 1e-05 1e-05 1e-05 1e-05 1e-05 1e-05 0.99992
1e-05 1e-05 1e-05 1e-05 1e-05 1e-05 1e-05 1e-05 0.99992
1e-05 1e-05 1e-05 1e-05 1e-05 0.255643 1e-05 1e-05 0.744287
1e-05 1e-05 1e-05 1e-05 1e-05 0.234846 1e-05 1e-05 0.765084
0.017207 1e-05 0.890125 0.001393 1e-05 0.005483 0.038352 0.032914 0.014506
1e-05 1e-05 0.864249 0.036348 1e-05 1e-05 0.03942 0.049167 0.010776
0.020837 1e-05 0.927757 1e-05 0.007097 0.000829 1e-05 0.032139 0.011311
1e-05 0.020812 0.930122 0.012676 0.001401 0.016045 0.003847 0.006635 0.008452
0.005586 1e-05 0.921522 1e-05 0.020906 0.037042 1e-05 1e-05 0.014905
1e-05 1e-05 0.932944 1e-05 0.020554 0.028726 0.014244 1e-05 0.003492
0.000923 0.001445 0.898382 1e-05 0.030621 0.030497 0.018566 1e-05 0.019546
1e-05 1e-05 0.871492 0.006314 0.002104 0.022287 0.046049 0.035385 0.01635
0.032627 0.006995 0.872997 0.009471 1e-05 1e-05 0.038227 0.039652 1e-05
0.010784 0.006274 0.884152 1e-05 1e-05 1e-05 0.013505 0.054448 0.030807
1e-05 1e-05 1e-05 0.008714 1e-05 0.973701 0.002276 1e-05 0.015259
1e-05 0.003825 1e-05 0.000492 0.002064 0.938781 1e-05 0.051258 0.00355
0.00291 0.023756 0.050005 0.004444 0.003221 0.711946 0.024579 0.171573 0.007567
1e-05 1e-05 0.077849 1e-05 1e-05 0.33048 0.020512 0.571109 1e-05
1e-05 1e-05 1e-05 0.00169 1e-05 0.845457 1e-05 0.152794 1e-05
1e-05 1e-05 1e-05 1e-05 1e-05 0.834791 1e-05 0.155005 0.010144
1e-05 0.02146 1e-05 1e-05 1e-05 0.799792 0.139754 1e-05 0.038944
1e-05 1e-05 1e-05 1e-05 1e-05 1e-05 1e-05 1e-05 0.99992
1e-05 1e-05 1e-05 1e-05 1e-05 1e-05 1e-05 1e-05 0.99992
1e-05 1e-05 1e-05 1e-05 1e-05 0.206214 1e-05 1.3e-05 0.793713
0.000895 0.002043 0.884366 0.020773 1e-05 0.014511 0.044427 0.026619 0.006357
1e-05 0.02427 0.866544 0.011238 1e-05 0.015929 0.051505 0.027568 0.002926
0.010246 0.006853 0.01081 0.007672 1e-05 0.632435 0.000623 0.329859 0.00149
1e-05 0.017394 0.918604 1e-05 1e-05 0.022522 1e-05 0.032547 0.008892
0.011085 1e-05 0.906942 0.001457 1e-05 1e-05 0.025988 0.040284 0.014214
1e-05 0.023482 0.918478 1e-05 0.0182 0.025945 1e-05 0.005807 0.008057
1e-05 0.004704 0.920429 1e-05 0.026521 0.048297 1e-05 1e-05 1e-05
1e-05 1e-05 0.932709 0.002848 0.025272 0.020007 1e-05 1e-05 0.019124
1e-05 0.005034 0.887209 0.009253 0.002041 0.022867 0.035576 0.029503 0.008507
0.012589 1e-05 0.867879 1e-05 1e-05 1e-05 0.036167 0.065196 0.018129
0.004704 1e-05 0.867977 0.012424 1e-05 1e-05 0.04333 0.054513 0.017023
1e-05 1e-05 1e-05 1e-05 1e-05 0.971842 0.008958 1e-05 0.01914
1e-05 1e-05 0.001778 1e-05 1e-05 0.861689 0.024152 0.106991 0.00535
0.012622 1e-05 0.022809 1e-05 1e-05 0.776984 0.021851 0.161914 0.00379
0.002863 0.000459 0.101977 0.009808 0.002616 0.321511 1e-05 0.552882 0.007874
1e-05 0.003249 0.029458 1e-05 1e-05 0.317078 0.027202 0.619949 0.003033
