1e-05 1e-05 1e-05 1e-05 1e-05 0.275886 1e-05 1e-05 1e-05 1e-05 0.723984 1e-05 1e-05 1e-05 1e-05
1e-05 1.1e-05 1e-05 1e-05 1e-05 0.267671 1e-05 1e-05 1e-05 1e-05 0.732197 1e-05 1e-05 1e-05 1e-05
1e-05 1e-05 1e-05 1e-05 1e-05 0.31229 1e-05 1e-05 1e-05 1e-05 0.68758 1e-05 1e-05 1e-05 1e-05
1e-05 1e-05 1e-05 1e-05 1e-05 0.014208 1e-05 1e-05 1e-05 1e-05 0.985662 1e-05 1e-05 1e-05 1e-05
1e-05 1e-05 0.003738 1e-05 1e-05 0.970249 1e-05 0.015661 1e-05 1e-05 0.00768 1e-05 0.001029 1e-05 0.001553
1e-05 1e-05 1e-05 0.008927 1e-05 0.949242 0.000873 0.003109 1e-05 1e-05 0.035048 1e-05 1e-05 0.00081 0.00191
1e-05 1e-05 1e-05 1e-05 1e-05 0.984134 1e-05 1e-05 1e-05 1e-05 0.014645 1e-05 1e-05 0.001101 1e-05
1e-05 1e-05 1e-05 1e-05 1e-05 0.300728 1e-05 1e-05 1e-05 1e-05 0.699142 1e-05 1e-05 1e-05 1e-05
1e-05 1e-05 1e-05 1e-05 1e-05 0.306835 1e-05 1e-05 1e-05 1e-05 0.693035 1e-05 1e-05 1e-05 1e-05
1e-05 1e-05 1e-05 1e-05 1e-05 1e-05 1e-05 1e-05 1e-05 1e-05 0.99986 1e-05 1e-05 1e-05 1e-05
1e-05 1e-05 1e-05 0.010922 1e-05 0.96135 0.001462 1e-05 1e-05 0.005257 0.020909 1e-05 1e-05 1e-05 1e-05
1e-05 1e-05 0.007484 0.00733 8.7e-05 0.957154 1e-05 0.007059 1e-05 1e-05 0.018031 1e-05 1e-05 3.9e-05 0.002746
1e-05 1e-05 1e-05 1e-05 1e-05 0.960329 1e-05 1e-05 1e-05 1e-05 0.039541 1e-05 1e-05 1e-05 1e-05
1e-05 1e-05 1e-05 1e-05 1e-05 0.982366 1e-05 1e-05 1e-05 1e-05 0.017504 1e-05 1e-05 1e-05 1e-05
1e-05 1e-05 1e-05 0.023068 1e-05 0.808209 1e-05 1e-05 1e-05 0.008312 0.160252 1e-05 1e-05 1e-05 5.9e-05
1e-05 1e-05 1e-05 1e-05 1e-05 0.011097 1e-05 1e-05 1e-05 1e-05 0.982596 1e-05 1e-05 1e-05 0.006187
1e-05 1e-05 1.1e-05 1e-05 1e-05 0.834079 1e-05 0.004974 1e-05 0.000582 0.160254 1e-05 1e-05 1e-05 1e-05
1e-05 1e-05 0.270281 0.451845 1e-05 0.195728 1e-05 0.000745 0.03549 1e-05 1e-05 0.008177 1e-05 0.014395 0.02327
1e-05 1.7e-05 0.246156 0.471545 1e-05 0.234641 1e-05 0.01305 1e-05 0.008126 0.002027 1e-05 1e-05 0.003463 0.020916
0.021028 1e-05 0.139964 0.558442 1e-05 0.169197 0.028545 1e-05 0.046979 1e-05 0.005319 0.001228 0.004895 0.009939 0.014423
0.002068 1e-05 0.004753 0.850981 0.016274 0.053652 1.6e-05 0.012605 0.006893 1e-05 0.025631 0.003069 0.007533 1e-05 0.016497
1e-05 1e-05 0.119792 0.570469 0.008034 0.130605 0.065065 0.011979 0.05961 1e-05 0.003919 0.020074 0.010401 1e-05 1e-05
1e-05 1e-05 0.147257 0.545712 0.015887 0.110911 0.064069 1e-05 0.066951 0.014871 0.004601 1e-05 0.029682 1e-05 1e-05
1e-05 1e-05 0.139524 0.623977 1e-05 1e-05 0.095831 1e-05 0.082325 1e-05 0.031297 0.019709 1e-05 1e-05 0.007256
1e-05 0.013756 0.136534 0.597324 1e-05 0.032154 0.124025 1e-05 0.071365 0.004083 0.009478 1e-05 1e-05 0.01122 1e-05
0.020511 1e-05 0.074007 0.722788 1e-05 0.014436 0.065942 1e-05 0.072038 1e-05 1e-05 0.010579 1e-05 0.008775 0.010864
1e-05 1e-05 0.140372 0.633237 0.002948 1e-05 0.08885 0.00035 0.070821 1e-05 0.025083 0.017822 1e-05 0.018501 0.001966
1e-05 1e-05 0.082758 0.684016 1e-05 0.056929 0.054486 0.009281 0.065938 0.00791 0.000173 0.02124 1e-05 0.006145 0.011085
0.005218 0.007959 0.119013 0.653835 1e-05 0.040176 0.04716 1e-05 0.074947 1e-05 0.029917 0.002088 1e-05 1e-05 0.019636
1e-05 1e-05 0.1608 0.599555 0.006672 0.060521 0.043631 0.007523 0.076233 0.015832 0.007624 0.000183 1e-05 1e-05 0.021386
1e-05 0.007588 0.139655 0.619674 1e-05 0.06771 0.040402 0.027675 0.038699 1e-05 0.01487 0.006323 0.011388 0.013274 0.012714
1e-05 1e-05 0.143161 0.573728 1e-05 0.055276 0.06596 0.01076 0.08389 0.001193 0.027762 0.007626 0.02404 0.001942 0.004634
0.00694 0.005409 1e-05 0.322797 0.017075 1e-05 0.24008 1e-05 0.396375 1e-05 1e-05 0.001959 1e-05 1e-05 0.009294
1e-05 0.01443 1e-05 0.309827 1e-05 0.007877 0.215654 0.019758 0.409872 1e-05 0.014643 1e-05 1e-05 0.002183 0.005696
1e-05 0.008954 1e-05 0.281706 0.004728 0.00919 0.214871 0.006785 0.462304 1e-05 0.006742 0.004661 1e-05 1e-05 1e-05
1e-05 0.019101 0.042168 0.275778 1e-05 1e-05 0.256492 1e-05 0.38176 1e-05 0.002418 1e-05 1e-05 0.021525 0.000688
1e-05 0.041005 0.04144 0.142054 0.003211 0.000345 0.123447 1e-05 0.160565 0.025912 0.002955 0.00353 0.318568 0.136939 1e-05
1e-05 1e-05 1e-05 1e-05 1.1e-05 0.98666 1e-05 1e-05 1e-05 1e-05 0.01321 1e-05 1e-05 1e-05 1e-05
1e-05 0.007311 0.00867 0.055857 1e-05 0.743879 1e-05 1e-05 1e-05 1e-05 0.179215 0.002676 1e-05 1e-05 0.002312
1e-05 1e-05 0.248051 0.472359 0.00252 0.220147 1e-05 0.004149 0.007015 0.006701 1e-05 1e-05 0.032669 0.006331 1e-05
0.001486 1e-05 0.230247 0.461929 1e-05 0.263942 1e-05 0.008343 1e-05 0.004913 0.001109 0.010778 0.002353 0.004093 0.010768
1e-05 1e-05 1e-05 0.896593 0.002606 0.021786 1e-05 0.007193 1e-05 1e-05 0.0291 1e-05 1e-05 0.023051 0.01959
1e-05 1e-05 0.046447 0.782335 0.014891 0.074981 1e-05 1e-05 1e-05 0.014412 0.024577 0.008564 0.006627 0.013149 0.013966
1e-05 0.017549 0.114807 0.576868 1e-05 0.07698 0.084308 1e-05 0.065383 1e-05 0.045197 1e-05 1e-05 0.003359 0.015488
1e-05 1e-05 0.147896 0.575776 1e-05 0.155163 1e-05 1e-05 0.035194 1e-05 0.031405 0.017458 0.014534 0.018456 0.004058
1e-05 1e-05 0.089127 0.678794 1e-05 0.00186 0.102979 0.017836 0.065611 1e-05 0.016007 0.019191 1e-05 0.000527 0.008017
0.029728 1e-05 0.141341 0.622263 1e-05 0.01791 0.090491 0.001673 0.050147 0.0387 0.000485 1e-05 1e-05 1e-05 0.00721
0.005255 0.001356 0.139249 0.608724 1e-05 1e-05 0.112197 0.01055 0.090348 0.001447 0.021309 1e-05 1e-05 1e-05 0.009514
1e-05 0.008145 0.128366 0.597478 0.005344 0.043515 0.056127 1e-05 0.115438 1e-05 0.021378 0.00642 1e-05 0.010578 0.007171
1e-05 1e-05 0.173315 0.591702 1e-05 0.054774 0.037243 0.001595 0.073895 0.014863 0.020714 1e-05 1e-05 0.020387 0.011461
0.016192 1e-05 0.138088 0.607828 1e-05 0.052772 0.065982 0.004425 0.077106 0.024236 1e-05 1e-05 1e-05 0.008792 0.00453
0.012648 0.010278 0.016657 0.342905 1e-05 1e-05 0.213908 1.1e-05 0.365435 1e-05 1e-05 0.025681 0.012415 1.3e-05 1e-05
1e-05 1e-05 1e-05 1e-05 1e-05 0.25961 1e-05 1e-05 1e-05 1e-05 0.74026 1e-05 1e-05 1e-05 1e-05
1e-05 1e-05 1e-05 1e-05 1e-05 1e-05 1e-05 1e-05 1e-05 1e-05 0.99986 1e-05 1e-05 1e-05 1e-05
1e-05 1e-05 1e-05 1e-05 1e-05 1e-05 1e-05 1e-05 1e-05 1e-05 0.99986 1e-05 1e-05 1e-05 1e-05
1e-05 1e-05 1e-05 0.010986 1e-05 0.956777 1e-05 1e-05 1.9e-05 1e-05 0.028844 1e-05 0.003274 1e-05 1e-05
1e-05 1e-05 0.001872 0.012189 1e-05 0.939291 1e-05 1e-05 1e-05 1e-05 0.042821 1e-05 1e-05 0.003728 1e-05
1e-05 1e-05 1e-05 1e-05 1e-05 0.963492 1e-05 1e-05 1e-05 1e-05 0.036378 1e-05 1e-05 1e-05 1e-05
1e-05 1e-05 1e-05 1e-05 0.002246 0.991527 1e-05 1e-05 1e-05 1e-05 0.005272 1e-05 1e-05 1e-05 0.000845
1e-05 1e-05 1e-05 1e-05 1e-05 0.01943 1e-05 1e-05 1e-05 1e-05 0.964611 1e-05 1e-05 1e-05 0.01584
1e-05 1e-05 0.254266 0.481957 1e-05 0.217293 1e-05 1e-05 1e-05 1e-05 0.028171 0.007984 0.002152 0.008097 1e-05
1e-05 1e-05 0.251131 0.476022 1e-05 0.213016 1e-05 0.001872 1e-05 0.016171 0.009755 1e-05 0.014225 1e-05 0.017738
1e-05 1e-05 0.244206 0.441748 1e-05 0.225766 1e-05 1e-05 0.007041 0.00619 0.023492 1e-05 0.036168 0.012226 0.003103
1e-05 0.005189 0.131626 0.58411 1e-05 0.049301 0.052002 1e-05 0.080662 0.01202 0.022829 0.015928 1e-05 0.027601 0.018691
1e-05 0.022975 0.031154 0.800506 0.019262 0.061776 0.011926 1e-05 1e-05 1e-05 0.010916 0.013051 1e-05 1e-05 0.028375
1e-05 0.010556 0.116762 0.618633 0.000293 0.067906 0.035288 0.013254 0.064128 1e-05 0.03281 0.006104 0.023561 1e-05 0.010677
1e-05 0.001649 0.121372 0.651194 0.005921 0.002746 0.086189 0.003892 0.067749 1e-05 0.023365 0.013144 0.008319 1e-05 0.014432
1e-05 1e-05 0.143767 0.627544 0.004284 1e-05 0.106339 0.011279 0.045858 0.006429 0.013811 0.002889 0.011379 0.006684 0.019706
1e-05 0.008895 0.078763 0.702353 0.011496 0.005681 0.092789 0.010352 0.049779 1e-05 0.003403 1e-05 0.031738 1e-05 0.004712
1e-05 1e-05 0.159752 0.594917 1e-05 1e-05 0.072475 0.01466 0.095783 0.007478 0.034684 0.011787 1e-05 1e-05 0.008404
0.007421 1e-05 0.096688 0.629102 1e-05 0.072022 0.081868 1e-05 0.059237 1e-05 0.015604 0.018709 1e-05 1e-05 0.01929
1e-05 1e-05 0.145774 0.647831 1e-05 0.022655 0.033881 0.005393 0.05787 1e-05 0.044655 0.028916 1e-05 0.012964 1e-05
1e-05 1e-05 1e-05 1e-05 1e-05 0.259198 1e-05 1e-05 1e-05 1e-05 0.740672 1e-05 1e-05 1e-05 1e-05
1e-05 1e-05 1e-05 1e-05 1e-05 1e-05 1e-05 1e-05 1e-05 1e-05 0.99986 1e-05 1e-05 1e-05 1e-05
1e-05 1e-05 1e-05 1e-05 1e-05 1e-05 1e-05 1e-05 1e-05 1e-05 0.99986 1e-05 1e-05 1e-05 1e-05
1e-05 1e-05 0.009034 1e-05 1e-05 0.970315 0.002119 1e-05 1e-05 1e-05 1e-05 1e-05 1e-05 0.011333 0.007099
1e-05 1e-05 0.000768 0.006 1e-05 0.980756 1e-05 1e-05 1e-05 0.011968 1e-05 0.000408 1e-05 1e-05 1e-05
1e-05 1e-05 1e-05 1e-05 1e-05 0.975251 1e-05 1e-05 1e-05 1e-05 0.024619 1e-05 1e-05 1e-05 1e-05
1e-05 1e-05 1e-05 1e-05 1e-05 0.976397 1e-05 1e-05 1e-05 1e-05 0.023473 1e-05 1e-05 1e-05 1e-05
1e-05 1e-05 1e-05 1e-05 1e-05 1e-05 1e-05 1e-05 1e-05 1e-05 0.99986 1e-05 1e-05 1e-05 1e-05
1e-05 1e-05 0.244586 0.473839 0.012634 0.213383 1e-05 1e-05 1e-05 0.008932 1e-05 0.000918 0.011443 0.015506 0.018699
1e-05 1e-05 0.263938 0.450993 1e-05 0.232903 1e-05 0.010634 1e-05 1e-05 1e-05 1e-05 1e-05 0.025258 0.016183
0.011139 1e-05 0.261806 0.439072 0.018327 0.242619 1e-05 1e-05 1e-05 0.001943 0.005403 1e-05 1e-05 1.2e-05 0.019618
0.017392 1e-05 0.108941 0.625534 1e-05 0.071668 0.031491 0.015027 0.062499 1e-05 0.027143 0.008932 0.013751 1e-05 0.017582
0.005667 1e-05 0.069562 0.648033 1e-05 0.094804 0.063145 1e-05 0.055853 0.012743 0.007549 0.001775 1e-05 0.032257 0.008571
0.012465 1e-05 0.113496 0.620294 0.008274 0.062743 0.055972 0.002218 0.054385 0.007066 0.036001 0.004503 1e-05 0.007259 0.015302
1e-05 1e-05 0.018607 0.823237 1e-05 0.070563 0.008759 1e-05 1e-05 1e-05 0.00908 0.009457 0.020722 0.021093 0.018421
0.010244 0.005112 0.09927 0.675071 1e-05 0.033352 0.075448 1e-05 0.084202 1e-05 1e-05 0.000599 0.001574 1e-05 0.015078
1e-05 1e-05 0.142733 0.584974 1e-05 0.004187 0.092022 0.001497 0.103458 1e-05 0.039377 1e-05 1e-05 0.031067 0.000625
1e-05 1e-05 0.128728 0.656162 0.002286 1e-05 0.062955 0.010693 0.069039 0.008539 0.036378 0.010931 1e-05 0.009605 0.004644
1e-05 1e-05 0.123193 0.61002 1e-05 0.04704 0.076886 1e-05 0.058475 1e-05 0.031648 0.012922 1e-05 0.01681 0.022946
1e-05 1e-05 1e-05 1e-05 1e-05 0.29848 1e-05 1e-05 1e-05 1e-05 0.70139 1e-05 1e-05 1e-05 1e-05
1e-05 1e-05 1e-05 1e-05 1e-05 0.282248 1e-05 1e-05 1e-05 1e-05 0.717622 1e-05 1e-05 1e-05 1e-05
1e-05 1e-05 1e-05 1e-05 1e-05 0.335696 1e-05 1e-05 1e-05 1e-05 0.664174 1e-05 1e-05 1e-05 1e-05
1e-05 1e-05 1e-05 1e-05 1e-05 1e-05 1e-05 1e-05 1e-05 1e-05 0.99986 1e-05 1e-05 1e-05 1e-05
1e-05 1e-05 0.003394 0.015649 1e-05 0.951487 1e-05 0.000745 1e-05 1e-05 0.01976 0.008875 1e-05 1e-05 1e-05
1e-05 1e-05 1e-05 0.012347 1e-05 0.972493 1e-05 0.010478 1e-05 1e-05 0.002261 1e-05 1e-05 1e-05 0.002321
1e-05 1e-05 1e-05 1e-05 1e-05 0.978233 1e-05 1e-05 1e-05 1e-05 0.021637 1e-05 1e-05 1e-05 1e-05
1e-05 1e-05 1e-05 0.013974 1e-05 0.054452 1e-05 1e-05 1e-05 1e-05 0.916295 1e-05 0.002108 1e-05 0.013071
1e-05 1e-05 1e-05 1e-05 1.1e-05 0.993051 1e-05 1e-05 1e-05 1e-05 0.006818 1e-05 1e-05 1e-05 1e-05
0.00876 1e-05 1e-05 0.014425 0.000744 0.806055 1e-05 1e-05 1e-05 4.1e-05 0.163624 1e-05 1e-05 0.006271 1e-05
1e-05 1e-05 1e-05 0.005188 1e-05 0.031287 1e-05 0.009603 1e-05 1e-05 0.948023 0.002754 1e-05 1e-05 0.003054
1e-05 1e-05 0.300495 0.402318 0.013326 0.181204 0.016195 1e-05 1e-05 1e-05 0.025545 0.025527 1e-05 0.01056 0.024771
1e-05 1e-05 0.234898 0.484033 1e-05 0.227411 1e-05 0.000449 0.000852 0.001552 1.9e-05 1e-05 0.021194 0.007503 0.022038
1e-05 1e-05 0.227294 0.485069 0.008572 0.241933 1e-05 0.006275 1e-05 1e-05 1e-05 1e-05 0.019172 0.000701 0.010914
0.007124 1e-05 0.120227 0.626508 0.009851 0.090379 0.037725 1e-05 0.070649 1e-05 1e-05 0.011598 0.016743 1e-05 0.009147
1e-05 1e-05 1e-05 0.75794 1e-05 0.133411 0.023887 1e-05 0.016312 0.014809 0.017517 0.007235 1e-05 1e-05 0.02882
0.001146 1e-05 0.162891 0.5818 0.002628 0.106285 0.030773 1e-05 0.024129 1e-05 0.037289 0.017138 1e-05 0.019547 0.016334
1e-05 1e-05 1e-05 0.901425 1e-05 0.028447 1e-05 0.00031 1e-05 0.030074 0.019389 0.00505 1e-05 1e-05 0.015226
1e-05 1e-05 0.148807 0.63038 1e-05 1e-05 0.098654 1e-05 0.064165 1e-05 0.018028 1e-05 0.01687 0.00169 0.021335
1e-05 0.006465 0.096599 0.661173 1e-05 0.009985 0.107355 0.008893 0.086396 1e-05 0.014387 1e-05 1e-05 0.008687 1e-05
1e-05 1e-05 0.113524 0.648631 1e-05 1e-05 0.115782 0.020396 0.056765 1e-05 0.011752 0.003455 0.001951 0.015933 0.01176
0.010587 1e-05 0.092686 0.632327 1e-05 0.058832 0.095178 1e-05 0.077464 0.012104 0.012677 1e-05 1e-05 1e-05 0.008086
1e-05 0.003812 0.14597 0.576767 0.010098 0.054659 0.077096 1e-05 0.067827 0.011464 0.026571 0.005464 1e-05 1.2e-05 0.020231
1e-05 1e-05 1e-05 1e-05 1e-05 0.335627 1e-05 1e-05 1e-05 1e-05 0.664243 1e-05 1e-05 1e-05 1e-05
1e-05 1e-05 1e-05 1e-05 1e-05 0.266613 1e-05 1e-05 1e-05 1e-05 0.733257 1e-05 1e-05 1e-05 1e-05
1e-05 1e-05 1e-05 1e-05 1e-05 1e-05 1e-05 1e-05 1e-05 1e-05 0.99986 1e-05 1e-05 1e-05 1e-05
1e-05 1e-05 0.007885 1e-05 1e-05 0.971851 1e-05 1e-05 1e-05 1e-05 0.014774 1e-05 1e-05 1e-05 0.00538
1e-05 1e-05 1e-05 1e-05 1e-05 0.95949 1e-05 1e-05 1e-05 1e-05 0.04038 1e-05 1e-05 1e-05 1e-05
1e-05 1e-05 1e-05 1e-05 1e-05 0.975072 1e-05 1e-05 1e-05 1e-05 0.024798 1e-05 1e-05 1e-05 1e-05
1e-05 1e-05 1e-05 1e-05 1e-05 0.988651 1e-05 1e-05 1e-05 1e-05 0.011219 1e-05 1e-05 1e-05 1e-05
1e-05 1e-05 1e-05 0.103902 1e-05 0.711041 1e-05 0.006043 1e-05 0.000363 0.157069 0.004822 1e-05 0.0099 0.006791
1e-05 1e-05 1e-05 1e-05 1e-05 0.690081 1e-05 1e-05 0.001074 1e-05 0.306802 0.001933 1e-05 1e-05 1e-05
0.006141 1e-05 0.242934 0.437869 1e-05 0.253776 1e-05 1e-05 9.8e-05 0.024245 1e-05 0.006564 1e-05 0.010891 0.017422
0.002943 1e-05 0.201008 0.510862 1e-05 0.24229 1e-05 0.001171 0.00159 1e-05 0.000148 0.00363 0.001239 0.020698 0.014382
1e-05 1e-05 0.245479 0.466072 1e-05 0.217661 1e-05 0.00634 1e-05 1e-05 0.020456 1e-05 1e-05 0.029311 0.014601
1e-05 1e-05 1e-05 0.864815 1e-05 0.039949 1.7e-05 0.000141 1e-05 0.020883 0.012652 0.031714 1e-05 1e-05 0.02976
1e-05 1e-05 0.113431 0.607311 1e-05 0.077557 0.072188 0.021408 0.063007 1e-05 0.012919 0.013414 0.007282 1e-05 0.011433
0.020286 1e-05 0.069871 0.695386 1e-05 0.067849 0.04261 1e-05 0.029505 0.023401 0.029149 1e-05 0.004931 1e-05 0.016961
1e-05 1e-05 0.037858 0.824341 1e-05 0.040498 1e-05 0.00012 0.018286 0.014293 0.02162 0.025741 1e-05 0.007516 0.009677
0.011416 1e-05 0.124066 0.609622 1e-05 1e-05 0.115071 1e-05 0.081234 0.013155 0.008316 1e-05 1e-05 0.026647 0.010413
0.003627 0.004113 0.097169 0.673779 1e-05 1e-05 0.107931 0.001027 0.061377 1e-05 0.018345 1e-05 0.011288 0.01725 0.004054
1e-05 1e-05 0.124774 0.640072 1e-05 0.037663 0.073484 0.027069 0.071225 1e-05 0.000958 1e-05 0.014235 1.6e-05 0.010454
0.00743 1e-05 0.160913 0.601844 1e-05 0.01301 0.077472 1e-05 0.103179 0.00524 1e-05 1e-05 1e-05 0.014815 0.016037
1e-05 1e-05 0.125572 0.595132 0.005186 0.059446 0.051019 0.006872 0.062142 1e-05 0.058828 1e-05 1e-05 0.02165 0.014102
1e-05 1e-05 0.111165 0.521771 1e-05 0.163164 0.047194 0.005187 0.083508 0.006349 0.023726 1e-05 0.008255 0.021934 0.007708
1e-05 1e-05 1e-05 1e-05 1e-05 0.962253 1e-05 1e-05 1e-05 1e-05 0.037617 1e-05 1e-05 1e-05 1e-05
1e-05 1e-05 1e-05 1e-05 1e-05 0.286292 1e-05 1e-05 1e-05 1e-05 0.713578 1e-05 1e-05 1e-05 1e-05
1e-05 1e-05 1e-05 1e-05 1e-05 0.34733 1e-05 1e-05 1e-05 1e-05 0.65254 1e-05 1e-05 1e-05 1e-05
1e-05 1e-05 1e-05 1e-05 1e-05 1e-05 1e-05 1e-05 1e-05 1e-05 0.99986 1e-05 1e-05 1e-05 1e-05
1e-05 0.000691 0.002769 1e-05 0.004729 0.966411 1e-05 1e-05 1e-05 1e-05 0.023902 1.3e-05 1e-05 1e-05 0.001404
1e-05 1e-05 0.002375 0.007266 1e-05 0.977247 1e-05 0.001714 1e-05 0.005677 1e-05 1e-05 1e-05 0.005631 1e-05
1e-05 1e-05 1e-05 1e-05 1e-05 0.98441 1e-05 1e-05 1e-05 1e-05 0.01546 1e-05 1e-05 1e-05 1e-05
1e-05 1e-05 1e-05 0.112017 1e-05 0.711277 1e-05 1e-05 1e-05 1e-05 0.161836 1e-05 0.014754 1.6e-05 1e-05
1e-05 1e-05 1e-05 1e-05 1e-05 0.715555 1e-05 1e-05 1e-05 1e-05 0.284315 1e-05 1e-05 1e-05 1e-05
1e-05 1e-05 0.208446 0.476185 1e-05 0.271145 1e-05 1e-05 1e-05 1e-05 1e-05 1e-05 1e-05 0.032582 0.011541
1e-05 1e-05 0.242346 0.483261 1e-05 0.220074 1e-05 1e-05 0.000622 1e-05 1e-05 0.00864 0.008187 0.019892 0.016908
1e-05 1e-05 0.125927 0.609968 0.007308 0.075512 0.038165 1e-05 0.055378 0.007951 0.032968 0.005036 1e-05 0.007261 0.034486
0.013876 1e-05 0.130346 0.560645 1e-05 0.143084 0.027126 0.000276 0.049543 0.003619 0.025963 0.008079 1e-05 0.021434 0.01598
1e-05 1e-05 0.048567 0.803172 0.024854 0.067785 1e-05 1e-05 1e-05 1e-05 1e-05 0.014645 1e-05 0.022939 0.017958
1e-05 0.015868 0.187381 0.583471 1e-05 1e-05 0.080266 0.001947 0.073666 1e-05 0.037854 1e-05 1e-05 1e-05 0.019477
1e-05 1e-05 0.115082 0.654154 1e-05 0.009931 0.080835 0.005287 0.070885 1e-05 0.012614 0.016377 0.030504 1e-05 0.004279
1e-05 1e-05 0.180836 0.577162 1e-05 0.012451 0.073888 1e-05 0.096574 0.008434 0.018143 0.000422 1e-05 0.025338 0.006702
1e-05 1e-05 0.096779 0.695595 1e-05 0.002834 0.077391 0.001227 0.061568 1e-05 0.017154 0.021978 1e-05 0.009184 0.01624
0.012975 1e-05 0.13948 0.611491 1e-05 0.040544 0.056694 0.006313 0.054178 0.029947 0.025551 1e-05 1e-05 0.015421 0.007365
1e-05 1e-05 1e-05 1e-05 1e-05 0.31988 1e-05 1e-05 1e-05 1e-05 0.67999 1e-05 1e-05 1e-05 1e-05
1e-05 1e-05 1e-05 1e-05 1e-05 0.302548 1e-05 1e-05 1e-05 1e-05 0.697322 1e-05 1e-05 1e-05 1e-05
1e-05 1e-05 1e-05 1e-05 1e-05 0.310629 1e-05 1e-05 1e-05 1e-05 0.689241 1e-05 1e-05 1e-05 1e-05
1e-05 1e-05 1e-05 1e-05 1e-05 1e-05 1e-05 1e-05 1e-05 1e-05 0.99986 1e-05 1e-05 1e-05 1e-05
1e-05 1e-05 0.003038 0.005439 1e-05 0.972257 1e-05 0.002599 1e-05 1e-05 0.007734 0.002033 1e-05 1e-05 0.006821
1e-05 1e-05 1e-05 1e-05 1e-05 0.950709 1e-05 1e-05 1e-05 1e-05 0.048932 1e-05 0.000238 1e-05 1e-05
1e-05 1e-05 1.2e-05 1e-05 1e-05 0.707859 1e-05 1e-05 0.000232 1e-05 0.285887 0.005909 1e-05 1e-05 1e-05
1e-05 0.009232 0.250021 0.425566 1e-05 0.242685 1e-05 1e-05 1e-05 0.029511 0.027377 1e-05 1e-05 0.011906 0.003633
1e-05 1e-05 0.006642 0.825855 1e-05 0.055369 1e-05 0.011443 0.005377 1e-05 0.028808 0.001017 0.025953 0.017381 0.022104
1e-05 1e-05 0.157266 0.619644 1e-05 0.068345 0.042203 1e-05 0.054702 1e-05 0.035187 0.015418 1e-05 0.006662 0.000513
0.010325 1e-05 1e-05 0.872315 1e-05 0.033318 1e-05 1e-05 1e-05 0.011076 0.039077 0.011335 0.009488 0.005416 0.00759
1e-05 1e-05 0.081767 0.678556 1e-05 0.060872 0.05498 0.012204 0.036083 1e-05 0.02352 0.01469 0.026991 1e-05 0.010288
0.004696 0.020844 0.013337 0.819019 1e-05 0.047265 1e-05 0.005124 0.027655 1e-05 0.015649 0.008621 0.007724 0.019434 0.010602
1e-05 0.010304 0.128467 0.60779 1e-05 0.012138 0.116584 0.00507 0.091335 1.6e-05 0.021444 0.006309 1e-05 1e-05 0.000503
1e-05 0.003524 0.092301 0.657684 1e-05 0.017194 0.110541 0.011743 0.058362 0.007282 0.01142 1e-05 1e-05 0.014446 0.015461
1e-05 1e-05 0.115062 0.605183 1e-05 0.067828 0.065128 0.000152 0.084316 1.3e-05 0.019783 1e-05 0.017618 0.022558 0.00232
1e-05 1e-05 1e-05 1e-05 1e-05 0.333096 1e-05 1e-05 1e-05 1e-05 0.666774 1e-05 1e-05 1e-05 1e-05
1e-05 1e-05 1e-05 1e-05 1e-05 0.314748 1e-05 1e-05 1e-05 1e-05 0.685122 1e-05 1e-05 1e-05 1e-05
1e-05 1e-05 1e-05 0.006747 1e-05 0.974473 1e-05 1e-05 1e-05 1e-05 0.01142 1e-05 1e-05 1e-05 0.007251
1e-05 1e-05 1e-05 0.028857 1e-05 0.951039 1e-05 0.000969 1e-05 1e-05 0.010929 1e-05 0.007922 0.000195 1e-05
1e-05 1e-05 1e-05 1e-05 1e-05 0.970267 1e-05 1e-05 1e-05 1e-05 0.029603 1e-05 1e-05 1e-05 1e-05
1e-05 1e-05 1e-05 0.830802 0.010464 0.038455 0.017014 1e-05 0.035844 0.00258 0.024173 0.001566 0.001395 0.015181 0.022485
1e-05 1e-05 0.098194 0.661348 0.013066 1e-05 0.097006 0.000873 0.083632 1e-05 0.037978 0.004327 1e-05 1e-05 0.003517
1e-05 1e-05 0.166458 0.543965 0.008226 0.05245 0.077201 0.007402 0.103462 0.013725 0.019848 0.005396 1e-05 0.001828 1e-05
1e-05 0.004292 0.07084 0.694804 0.014164 1e-05 0.11196 1e-05 0.051774 1e-05 0.02504 0.008542 1e-05 0.000791 0.017743
1e-05 0.009727 0.156597 0.586401 0.00098 1e-05 0.115827 0.003415 0.072913 1e-05 0.026822 0.011096 0.01029 1e-05 0.005893
1e-05 0.010259 0.12285 0.627695 0.003963 0.034914 0.059562 0.018666 0.067247 0.000476 0.041919 1e-05 1e-05 1e-05 0.012409
1e-05 1e-05 0.128713 0.625469 0.010453 0.042505 0.076921 0.001341 0.035373 1e-05 0.034463 0.007532 0.004477 0.030724 0.002
0.004248 1e-05 0.136391 0.611498 0.018804 0.057988 0.05253 1e-05 0.055404 1e-05 0.00759 0.003135 0.007562 0.019279 0.025539
0.01193 0.00771 0.134353 0.583461 1e-05 0.060274 0.061151 1e-05 0.106493 0.023249 0.011319 1e-05 1e-05 1e-05 1e-05
0.006486 0.004563 1e-05 0.340423 1e-05 0.006891 0.229386 0.01504 0.367099 1e-05 0.004522 1e-05 0.010694 1e-05 0.014847
1e-05 0.013654 1e-05 0.357162 0.016759 1e-05 0.197611 0.002594 0.401079 1e-05 0.00655 1e-05 1e-05 1e-05 0.004521
1e-05 1e-05 1e-05 0.319995 0.01926 5.6e-05 0.243348 1e-05 0.386433 1e-05 0.01619 1e-05 1e-05 1e-05 0.014638
1e-05 1e-05 0.010756 0.321063 0.02094 1e-05 0.220812 0.005735 0.404727 3.6e-05 0.012472 0.001513 1e-05 1e-05 0.001896
0.015303 1e-05 1e-05 0.30637 0.006586 0.001891 0.22191 1e-05 0.419766 1e-05 0.023382 1e-05 1e-05 1e-05 0.004723
1e-05 1e-05 1e-05 1e-05 1e-05 0.341121 1e-05 1e-05 1e-05 1e-05 0.658749 1e-05 1e-05 1e-05 1e-05
1e-05 1e-05 1e-05 1e-05 1e-05 0.34027 1e-05 1e-05 1e-05 1e-05 0.6596 1e-05 1e-05 1e-05 1e-05
1e-05 1e-05 1e-05 1e-05 1e-05 1e-05 1e-05 1e-05 1e-05 1e-05 0.99986 1e-05 1e-05 1e-05 1e-05
1e-05 1e-05 1e-05 0.010052 1e-05 0.971695 1e-05 1e-05 1e-05 1e-05 0.009869 0.008275 1e-05 1e-05 1e-05
1e-05 1e-05 1e-05 0.008816 1e-05 0.963634 1e-05 0.003923 0.004528 1e-05 0.018999 1e-05 1e-05 1e-05 1e-05
1e-05 1e-05 1e-05 1e-05 1e-05 0.957639 1e-05 1e-05 1e-05 1e-05 0.042231 1e-05 1e-05 1e-05 1e-05
1e-05 1e-05 1e-05 1e-05 1e-05 0.988732 1e-05 1e-05 1e-05 1e-05 0.011138 1e-05 1e-05 1e-05 1e-05
0.004383 1e-05 0.012179 0.841333 1e-05 0.02483 1e-05 1e-05 0.020717 1e-05 0.032208 0.031803 0.020338 1e-05 0.01215
0.015766 1e-05 0.086987 0.614953 1e-05 0.033483 0.085789 1e-05 0.08941 0.005522 0.046542 0.016476 1e-05 1e-05 0.005022
1e-05 1e-05 0.144379 0.655216 0.006807 0.037844 0.058895 0.000289 0.050387 0.02589 1e-05 1e-05 1e-05 0.015883 0.004361
0.021258 1e-05 0.129526 0.64002 1e-05 0.007815 0.08938 1e-05 0.046957 1e-05 0.024492 0.008654 0.017062 1e-05 0.014785
1e-05 1e-05 0.076513 0.723562 0.009142 1e-05 0.084776 0.017769 0.060193 1e-05 0.015101 1e-05 1e-05 0.012216 0.000669
0.011126 1e-05 0.108025 0.685835 1e-05 0.002966 0.083837 1e-05 0.077534 1e-05 1e-05 0.001506 0.007478 1e-05 0.021633
0.021109 1e-05 0.136824 0.605503 1e-05 0.039746 0.048278 1e-05 0.079664 0.028838 0.030693 1e-05 1e-05 1e-05 0.009285
0.010858 1e-05 0.123155 0.60527 0.00135 0.051819 0.089323 1e-05 0.067855 0.002103 0.008639 1e-05 1e-05 0.030085 0.009503
0.004967 0.002866 0.113473 0.585686 1e-05 0.100287 0.042202 1e-05 0.031784 0.013006 0.057468 0.0154 0.012286 1e-05 0.020545
1e-05 0.021237 1e-05 0.349945 1e-05 0.009376 0.215617 1e-05 0.378679 0.002309 0.005551 1e-05 1e-05 0.017216 1e-05
1e-05 1e-05 0.017261 0.343764 0.006177 1e-05 0.250728 0.00486 0.354475 1e-05 0.005876 0.01679 1e-05 1e-05 1e-05
1e-05 0.007336 0.083987 0.119768 0.0061 1e-05 0.10106 0.005397 0.164633 0.03742 1e-05 0.026698 0.283552 0.164009 1e-05
1e-05 1e-05 1e-05 1e-05 1e-05 1e-05 1e-05 1e-05 1e-05 1e-05 0.99986 1e-05 1e-05 1e-05 1e-05
1e-05 1e-05 1e-05 1e-05 1e-05 0.971799 1e-05 0.000269 0.000392 1e-05 0.015555 0.005287 1e-05 1e-05 0.006608
1e-05 1e-05 1e-05 0.013077 0.00163 0.980254 1e-05 0.00493 1e-05 1e-05 1e-05 1e-05 1e-05 1e-05 1e-05
1e-05 1e-05 1e-05 1e-05 1e-05 0.963204 1e-05 1e-05 1e-05 1e-05 0.036666 1e-05 1e-05 1e-05 1e-05
0.026307 1e-05 0.159652 0.600608 0.000538 0.065032 0.025867 1e-05 0.058036 0.008998 0.022778 1e-05 1e-05 1e-05 0.032135
1e-05 1e-05 1e-05 0.87159 1e-05 0.032642 0.005872 0.021423 1e-05 1e-05 0.026602 1e-05 0.027433 0.006078 0.00829
1e-05 1e-05 0.081381 0.679585 0.003478 1e-05 0.120409 0.0201 0.044677 1e-05 0.023484 1e-05 1e-05 0.010989 0.015837
1e-05 1e-05 0.163211 0.615168 1e-05 1e-05 0.068516 0.026364 0.066897 1e-05 0.021053 1e-05 0.009544 0.014297 0.014889
0.004571 0.008595 0.138716 0.626714 1e-05 1e-05 0.105678 0.010696 0.057927 0.017165 0.016223 0.00831 1e-05 1e-05 0.005365
1e-05 1e-05 0.118469 0.623086 0.000331 0.089612 0.033803 0.008918 0.056089 0.023042 0.037452 0.001916 1e-05 1e-05 0.007241
1e-05 1e-05 0.12636 0.636807 1e-05 0.014745 0.104632 0.007206 0.059147 1e-05 0.013401 0.005607 1e-05 0.014499 0.017545
1e-05 0.000329 0.109136 0.586846 1e-05 0.1063 0.053978 1e-05 0.105126 0.011709 0.00824 0.017787 1e-05 1e-05 5e-04
0.015674 1e-05 1e-05 0.341067 0.016879 1e-05 0.233812 1e-05 0.388617 0.003862 1e-05 1e-05 1e-05 1e-05 1e-05
1e-05 0.009147 1e-05 0.302475 1e-05 1e-05 0.256656 0.015837 0.397616 1e-05 0.010904 0.007285 1e-05 1e-05 1e-05
0.017072 0.000369 0.017494 0.233491 1e-05 0.000875 0.178011 0.014109 0.514358 0.002033 1e-05 1e-05 0.005246 0.009741 0.007173
1e-05 1e-05 0.001663 0.334018 0.012852 0.032587 0.225844 0.016912 0.363832 2e-05 0.012213 1e-05 1e-05 1e-05 1e-05
1e-05 0.018944 0.064604 0.172823 0.014149 1e-05 0.14793 1e-05 0.192559 0.019087 1e-05 1e-05 0.234583 0.135261 1e-05
1e-05 0.011175 0.131582 0.596641 1e-05 0.079917 0.02083 1e-05 0.076924 0.020347 0.021868 0.040653 1e-05 1e-05 1.2e-05
1e-05 1e-05 1e-05 1e-05 1e-05 1e-05 1e-05 1e-05 1e-05 1e-05 0.99986 1e-05 1e-05 1e-05 1e-05
1e-05 1e-05 1e-05 0.008494 0.006192 0.960732 1e-05 1.2e-05 1e-05 0.001948 0.022531 1e-05 1e-05 1e-05 1e-05
1e-05 1e-05 1e-05 1e-05 1e-05 0.976987 1e-05 1e-05 1e-05 1e-05 0.022883 1e-05 1e-05 1e-05 1e-05
1e-05 1e-05 1e-05 1e-05 1e-05 0.819885 1e-05 1e-05 1e-05 1e-05 0.176703 1e-05 1e-05 0.003291 1e-05
1e-05 1e-05 0.216598 0.475245 0.015973 0.219711 1e-05 1e-05 1e-05 0.010057 0.023815 0.000483 1e-05 0.01482 0.023237
1e-05 1e-05 0.210192 0.421306 1e-05 0.317611 1e-05 1e-05 1e-05 1e-05 1e-05 0.017577 1e-05 0.027783 0.00544
0.001544 0.000636 1e-05 0.893634 1e-05 0.035336 1e-05 0.007756 0.013837 1e-05 0.013116 0.004906 1e-05 0.021974 0.007213
1e-05 1e-05 0.078621 0.647793 0.002349 0.0912 0.058956 1e-05 0.043994 0.020463 0.024129 0.023825 1e-05 0.002336 0.006294
0.001951 1e-05 0.069931 0.690424 1e-05 0.006446 0.129342 1e-05 0.03822 0.003548 0.01281 1e-05 1e-05 0.032694 0.014583
1e-05 1e-05 0.142662 0.5968 0.012989 0.019946 0.121891 1e-05 0.046146 0.02547 0.004395 1e-05 1e-05 0.005543 0.024109
1e-05 1e-05 0.159294 0.613914 1e-05 0.01125 0.077981 0.013297 0.061209 1e-05 0.026782 1e-05 1e-05 0.017336 0.018877
1e-05 0.01533 0.145576 0.570592 0.007385 0.052934 0.05886 0.00621 0.080915 1e-05 0.020119 0.012138 1e-05 0.02501 0.004899
1e-05 1e-05 0.115244 0.595373 1.1e-05 0.112459 0.05228 0.001426 0.068023 1e-05 0.008697 0.025279 0.019237 1e-05 0.001931
1e-05 0.005714 1e-05 0.341209 0.00881 1e-05 0.224377 1e-05 0.405779 1e-05 0.014021 1e-05 1e-05 1e-05 1e-05
1e-05 1e-05 1e-05 0.269385 0.005056 0.037571 0.185959 0.016815 0.468431 1e-05 0.005602 1e-05 1e-05 0.011112 1e-05
1e-05 1e-05 1e-05 0.36645 0.023203 1e-05 0.217326 0.011781 0.36403 1e-05 0.010098 1e-05 1e-05 1e-05 0.007032
1e-05 0.001276 1e-05 0.361723 0.009532 1e-05 0.233092 0.020718 0.363045 1e-05 0.010533 1e-05 1e-05 1e-05 1e-05
1e-05 0.023465 0.16012 0.545149 1e-05 0.065974 0.062459 0.002966 0.083778 0.009579 0.027947 1e-05 1e-05 1.9e-05 0.018503
1e-05 0.00474 0.13498 0.652338 1e-05 0.033312 0.029914 0.016942 0.060703 0.004257 0.024147 0.006118 1e-05 0.003957 0.028564
1e-05 1e-05 0.107838 0.607032 0.005274 0.138319 0.038502 0.005117 0.059162 0.009894 0.00794 0.019176 1e-05 1e-05 0.001706
0.001397 0.010329 1e-05 0.335523 1e-05 0.010233 0.209813 0.004059 0.403577 1e-05 1e-05 1e-05 0.004163 1e-05 0.020846
0.010686 1e-05 0.040741 0.298327 1e-05 0.002165 0.23868 0.010631 0.375379 0.005308 0.000561 0.012019 1e-05 0.005464 1e-05
1e-05 1e-05 0.013449 0.384786 0.019576 0.003775 0.219309 0.002811 0.347717 1e-05 0.008507 1e-05 1e-05 1e-05 1e-05
1e-05 1e-05 1e-05 0.366822 0.044776 0.007641 0.209356 0.013051 0.357144 1e-05 0.001129 1e-05 1e-05 1e-05 1e-05
1e-05 0.014931 0.09171 0.129725 1e-05 1e-05 0.13915 1e-05 0.145069 0.026133 1e-05 0.036808 0.310495 0.087539 0.018388
0.002169 1e-05 0.068872 0.121459 0.001765 1e-05 0.178156 0.000824 0.181708 0.070558 1e-05 0.039975 0.229396 0.104973 0.000115
1e-05 0.005309 1e-05 0.370514 0.013031 0.010199 0.223261 0.002672 0.364127 1e-05 0.010817 1e-05 1e-05 1e-05 1e-05
1e-05 1e-05 1e-05 0.38872 1e-05 0.016178 0.238357 0.018418 0.324791 1e-05 0.013446 1e-05 1e-05 1e-05 1e-05
0.012627 1e-05 0.010837 0.196217 0.021114 0.010826 0.1717 0.00546 0.516631 1e-05 0.050362 1e-05 0.004175 1e-05 1e-05
1e-05 1e-05 0.028713 0.198869 0.024943 1e-05 0.188551 0.00753 0.501055 1e-05 1e-05 0.014503 0.00921 1e-05 0.026566
1e-05 1e-05 0.034823 0.196762 0.016625 1e-05 0.161628 0.021802 0.523946 1e-05 0.000343 0.017551 0.020011 1e-05 0.006458
0.003452 0.011553 0.026329 0.208578 0.015178 1e-05 0.238703 0.009086 0.440204 1e-05 1e-05 0.003816 0.011981 0.013332 0.017757
1e-05 0.019164 0.079556 0.195903 1e-05 1e-05 0.210128 0.003273 0.441577 1e-05 0.021831 1e-05 1e-05 0.017976 0.010533
1e-05 0.003862 1e-05 0.173787 0.004537 1e-05 0.419604 1e-05 0.354265 0.00676 1e-05 0.018704 0.003054 1e-05 0.015367
0.004513 0.017423 0.037537 0.140294 1e-05 1e-05 0.224985 1e-05 0.445385 1e-05 1e-05 0.022191 0.087734 0.017867 0.002022
1e-05 0.00015 0.038972 0.167191 0.036588 1e-05 0.211609 0.008815 0.43892 1e-05 1e-05 0.004013 0.059798 0.012933 0.02097
1e-05 1e-05 1e-05 1e-05 1e-05 1e-05 1e-05 1e-05 1e-05 0.504542 1e-05 1e-05 0.495328 1e-05 1e-05
1e-05 1e-05 1e-05 0.002897 1e-05 1e-05 9.4e-05 0.001211 0.012649 0.340887 1e-05 1e-05 0.602449 0.037307 0.002435
0.010368 1e-05 1e-05 1e-05 1e-05 1e-05 0.000341 0.000132 0.001039 0.724572 0.000451 1e-05 0.263017 1e-05 1e-05
1e-05 0.003117 0.001301 0.002114 1e-05 0.00332 0.011353 0.002089 0.008959 0.347159 0.00443 1e-05 0.582659 0.02801 0.005458
1e-05 1e-05 0.161974 0.558945 0.009184 0.06096 0.059149 0.006876 0.085799 0.018473 0.030194 1e-05 1e-05 1e-05 0.008398
0.007066 0.006109 0.125386 0.645633 1.1e-05 0.05802 0.018024 1e-05 0.068115 0.006225 0.026423 0.028812 1e-05 0.005488 0.004669
0.013209 1e-05 0.153407 0.551614 1e-05 0.032436 0.084904 1e-05 0.077174 0.011688 0.047506 0.001748 0.012566 1e-05 0.013707
1e-05 0.021041 0.031492 0.294078 0.002335 1e-05 0.199627 0.012173 0.376661 0.002348 0.030277 1e-05 1e-05 0.029918 1e-05
0.012507 1e-05 0.006491 0.34102 0.014915 0.006396 0.220822 0.006042 0.353026 1e-05 0.024884 1e-05 1e-05 0.013847 1e-05
1e-05 1e-05 1e-05 0.350415 0.004217 1e-05 0.23488 0.018763 0.377226 1e-05 0.006159 1e-05 1e-05 1e-05 0.008259
1e-05 0.010742 0.010228 0.261797 1e-05 0.008869 0.203434 0.004533 0.478135 1e-05 0.014597 0.007606 1e-05 1e-05 1e-05
1e-05 1e-05 0.058764 0.155016 0.014103 1e-05 0.148006 0.003803 0.130285 0.051889 0.007852 0.023922 0.252906 0.153414 1e-05
1e-05 1e-05 1e-05 0.416285 1e-05 1e-05 0.206257 0.014135 0.359237 1e-05 0.003985 1e-05 1e-05 1e-05 1e-05
1e-05 1e-05 1e-05 0.390051 0.007174 0.009304 0.216395 0.006219 0.328866 1e-05 0.037704 1e-05 1e-05 0.004216 1.1e-05
1e-05 1e-05 0.006332 0.188884 0.014215 0.038029 0.176228 1e-05 0.511027 0.005992 0.008501 0.037642 1e-05 1e-05 0.013101
0.016651 1e-05 0.058106 0.161618 0.022125 1e-05 0.164063 0.010304 0.537871 0.009305 1e-05 1e-05 1e-05 0.004836 0.015073
0.014408 1e-05 0.093005 0.198021 1e-05 1e-05 0.204267 0.010374 0.426201 0.002613 0.004361 0.018134 0.007442 0.008792 0.012351
1e-05 1e-05 0.044335 0.158793 0.0015 0.018169 0.146623 0.01272 0.544516 0.012474 0.009348 0.015882 1e-05 0.028071 0.007538
0.011926 0.025645 0.037129 0.222431 0.007119 1e-05 0.188178 1e-05 0.45372 1e-05 0.015734 1e-05 1e-05 0.036394 0.001672
1e-05 1e-05 1e-05 0.177117 0.018503 0.005623 0.454594 0.009863 0.325724 1e-05 0.000695 1e-05 0.00781 1e-05 1e-05
0.026548 1.2e-05 0.024801 0.138894 0.016242 0.005006 0.184351 1e-05 0.465957 1e-05 0.001287 0.029409 0.0973 1e-05 0.010165
1e-05 1e-05 0.024417 0.175812 0.022811 0.002783 0.216176 0.003477 0.397871 0.069662 0.004474 0.016549 0.01452 0.048972 0.002455
1e-05 0.003435 1e-05 1e-05 1e-05 1e-05 1e-05 0.004304 1e-05 0.594767 1e-05 1e-05 0.397384 1e-05 1e-05
1e-05 1e-05 1e-05 1e-05 1e-05 1e-05 1e-05 1e-05 1e-05 0.591865 1e-05 0.012756 0.388531 0.006738 1e-05
1e-05 1e-05 1e-05 1e-05 1e-05 1e-05 1e-05 1e-05 1e-05 0.758031 1e-05 0.001153 0.21762 1e-05 0.023087
1e-05 1e-05 1e-05 0.018254 1e-05 1e-05 1e-05 1e-05 1e-05 0.317823 1e-05 1e-05 0.609581 0.054232 1e-05
1e-05 1e-05 0.133862 0.574392 0.002796 0.089555 0.055131 0.013953 0.092705 1e-05 0.023758 0.004636 1e-05 0.009162 1e-05
1e-05 1e-05 0.126566 0.602729 0.020092 0.044914 0.060203 0.006187 0.074383 1e-05 0.026518 0.017845 0.003019 1e-05 0.017503
1e-05 1e-05 0.107455 0.651976 1e-05 0.048615 0.062655 1e-05 0.061562 0.019957 0.019491 0.009194 1e-05 1e-05 0.019034
1e-05 0.004716 1e-05 0.329003 0.001842 0.026984 0.220595 0.011453 0.360223 1e-05 0.019758 1e-05 1e-05 0.001924 0.023451
0.008221 1e-05 1e-05 0.355794 1e-05 1e-05 0.220921 0.011277 0.385437 1e-05 0.01326 0.001576 1e-05 1e-05 0.003444
1e-05 0.02278 1e-05 0.352583 1e-05 0.005038 0.229894 1e-05 0.312216 0.006768 1e-05 1e-05 0.016815 0.021838 0.032008
1e-05 1e-05 1e-05 0.298997 1e-05 1e-05 0.201854 0.01586 0.433483 0.004403 0.018079 1e-05 0.002962 0.011809 0.012493
0.009583 1e-05 0.037755 0.166937 0.007842 0.004334 0.135707 0.008765 0.126339 0.026594 0.009224 1e-05 0.279402 0.17339 0.014108
0.012434 1e-05 0.03831 0.143654 1e-05 1e-05 0.150043 1e-05 0.148508 0.02462 1e-05 0.028162 0.316005 0.137 0.001213
1e-05 0.013628 0.001246 0.327103 1e-05 0.027131 0.216491 0.008268 0.339916 1e-05 0.056965 1e-05 1e-05 0.009192 1e-05
1e-05 0.019875 0.010289 0.217163 1e-05 0.062495 0.172278 1e-05 0.474344 0.016468 0.025473 1e-05 1e-05 0.000756 0.000809
1e-05 1e-05 0.005047 0.190017 0.010185 1e-05 0.151753 0.018407 0.583395 1e-05 0.005957 0.008363 0.017462 1e-05 0.009364
1.4e-05 1e-05 0.047631 0.199817 0.006214 1e-05 0.1897 0.014873 0.496788 0.019761 1e-05 0.025142 1e-05 1e-05 1e-05
0.021557 1e-05 0.050985 0.299874 0.013368 1e-05 0.216624 1e-05 0.325703 1e-05 0.008193 1e-05 0.037352 0.012576 0.013719
0.016389 0.018921 0.048638 0.129007 0.004551 1e-05 0.140503 1e-05 0.593932 0.007386 1e-05 0.009308 1e-05 0.021438 0.009887
0.01258 1e-05 1e-05 0.35139 1e-05 0.002639 0.203019 0.016763 0.390613 0.000219 0.014244 1e-05 1e-05 1e-05 0.008473
1e-05 0.01075 1e-05 0.223227 1e-05 1.5e-05 0.390705 0.018602 0.335847 1e-05 1e-05 1e-05 0.007594 1e-05 0.013189
0.005381 1e-05 1e-05 0.18347 1e-05 1e-05 0.462669 0.007705 0.321076 1e-05 0.005651 1e-05 0.010534 1e-05 0.003444
1e-05 1e-05 0.030956 0.166859 0.010564 1e-05 0.203996 0.007543 0.452421 0.008746 0.00433 0.01211 0.063529 0.020044 0.018871
1e-05 1e-05 0.023083 0.172838 0.029225 1e-05 0.213647 0.007824 0.408107 0.083023 0.009224 0.021536 1e-05 0.025097 0.006355
1e-05 1e-05 1e-05 1e-05 1e-05 1e-05 1e-05 1e-05 1e-05 0.35671 1e-05 1e-05 0.64316 1e-05 1e-05
1e-05 1e-05 1e-05 1e-05 0.002407 1e-05 1e-05 0.000942 1e-05 0.607039 1e-05 2e-05 0.384399 0.005103 1e-05
1e-05 1e-05 1e-05 1e-05 1e-05 1e-05 1e-05 0.001978 1e-05 0.530015 1e-05 1e-05 0.467887 1e-05 1e-05
1e-05 1e-05 1.9e-05 1e-05 1e-05 1e-05 0.016752 1e-05 1e-05 0.32543 0.00046 1e-05 0.611661 0.045589 1e-05
0.000839 0.001149 0.106086 0.629167 0.012949 0.075309 0.077664 1e-05 0.062477 1e-05 0.008887 1e-05 0.003134 0.000654 0.021656
0.000285 1e-05 1e-05 0.368108 0.018397 0.050122 0.180151 0.013421 0.356203 1e-05 0.005143 1e-05 1e-05 1e-05 0.008109
1e-05 0.028064 0.004859 0.101067 1e-05 1e-05 0.131977 0.009555 0.639272 0.016242 1e-05 1.6e-05 1e-05 0.048198 0.0207
1e-05 0.037557 1e-05 0.298673 0.000653 1e-05 0.195904 0.002398 0.429948 0.00492 0.0123 0.017586 1e-05 1e-05 1e-05
1e-05 1e-05 0.075391 0.156133 0.02418 1e-05 0.108981 1e-05 0.186271 0.03812 0.00386 0.022181 0.295769 0.079653 0.00942
0.004254 1e-05 0.136404 0.630148 1e-05 0.051751 0.043146 1e-05 0.068239 0.00049 0.006848 0.033557 0.025114 1e-05 1e-05
1.3e-05 0.02566 0.04823 0.145738 0.017019 0.002541 0.136487 0.00018 0.147855 0.002983 1e-05 1e-05 0.302795 0.152193 0.018286
1e-05 0.011165 1e-05 0.370532 0.000975 1e-05 0.217731 0.008443 0.349474 1e-05 0.014036 0.014637 1e-05 1e-05 0.012948
1e-05 0.014533 0.022773 0.185656 1e-05 0.007947 0.155472 0.011585 0.556985 0.030194 0.005207 1e-05 1e-05 0.008572 0.001035
0.009124 1e-05 0.057862 0.146143 1e-05 1e-05 0.152776 0.007074 0.577059 0.014453 0.004186 0.030507 1e-05 1e-05 0.000766
0.024161 1e-05 0.069378 0.18935 1e-05 1e-05 0.181385 0.010351 0.485377 1e-05 1e-05 0.031201 0.003709 1e-05 0.005028
1e-05 1e-05 0.041873 0.23181 0.003104 1e-05 0.22849 0.018964 0.424839 1e-05 0.008544 0.031728 1e-05 0.008372 0.002226
1e-05 1e-05 1e-05 0.160703 1e-05 1e-05 0.477197 0.000515 0.361475 1e-05 1e-05 1e-05 1e-05 1e-05 1e-05
1e-05 0.014517 1e-05 0.181191 1e-05 0.002417 0.420141 0.018483 0.341364 0.018699 0.003119 1e-05 1e-05 1e-05 1e-05
0.005998 1e-05 1e-05 0.1803 0.008128 0.011468 0.444022 0.016305 0.333699 1e-05 1e-05 1e-05 1e-05 1e-05 1e-05
1e-05 0.022831 0.000858 0.182185 1e-05 0.003726 0.220902 0.009463 0.409985 0.048101 1e-05 0.018682 0.042854 0.014905 0.025476
0.020515 1e-05 0.035796 0.167039 1e-05 1e-05 0.231201 0.002967 0.409221 0.018417 0.01175 1e-05 0.061114 0.041928 1e-05
1e-05 1e-05 1e-05 1e-05 1e-05 1e-05 0.004091 0.008324 0.003636 0.414475 1e-05 1e-05 0.55348 0.013902 0.002013
1e-05 1e-05 1e-05 1e-05 1e-05 1e-05 1e-05 1e-05 1e-05 0.714492 1e-05 1e-05 0.285378 1e-05 1e-05
1e-05 1e-05 1e-05 1e-05 1e-05 1e-05 1e-05 0.007281 1e-05 0.533353 1e-05 1e-05 0.459246 1e-05 1e-05
0.004235 1e-05 1e-05 0.007832 0.002182 1e-05 0.004068 1e-05 0.013926 0.36929 1e-05 1e-05 0.575746 0.02265 1e-05
1e-05 1e-05 1e-05 0.004095 1e-05 0.982114 1e-05 1e-05 0.000329 0.006434 0.006928 1e-05 1e-05 1e-05 1e-05
1e-05 1e-05 1e-05 1e-05 1e-05 1e-05 1e-05 1e-05 1e-05 0.577018 1e-05 1e-05 0.422852 1e-05 1e-05
0.007988 1e-05 1e-05 1e-05 1e-05 0.002061 1e-05 0.019557 0.000304 0.413298 1e-05 0.002395 0.525 0.008365 0.020972
1e-05 1e-05 1e-05 1e-05 1e-05 1e-05 1e-05 1e-05 1e-05 0.661694 1e-05 1e-05 0.326802 0.001135 0.010258
1e-05 0.015493 1e-05 1e-05 1e-05 1e-05 0.015639 1e-05 0.005867 0.10919 1e-05 0.010874 0.606865 0.235992 1e-05
0.008999 1e-05 0.01462 0.004145 0.013079 0.006283 0.008369 0.008874 0.009822 0.27543 1e-05 1e-05 0.583887 0.066453 1e-05
1e-05 1e-05 1e-05 1e-05 1e-05 1e-05 1e-05 1e-05 1e-05 0.048497 0.002814 0.074396 0.569768 0.304425 1e-05
1e-05 1e-05 1e-05 0.001571 0.010646 1e-05 0.015389 0.001699 0.004951 0.21002 1e-05 1.1e-05 0.616681 0.138973 1e-05
0.020589 1e-05 0.075767 0.111695 0.007564 0.011281 0.127827 1e-05 0.122042 0.026253 1e-05 0.024768 0.379807 0.092367 1e-05
1e-05 1e-05 1e-05 1e-05 1e-05 1e-05 1e-05 1e-05 1e-05 0.504727 0.002807 1e-05 0.49016 1e-05 0.002196
1e-05 1e-05 1e-05 1e-05 0.006535 1e-05 1e-05 0.005745 1e-05 0.492465 0.001691 0.001928 0.483961 0.007595 1e-05
1e-05 0.002142 1e-05 0.00227 0.026835 1e-05 0.014327 1e-05 0.033556 0.114551 0.000216 0.008 0.57515 0.215378 0.007534
1e-05 0.012208 0.01003 1e-05 0.019231 1e-05 0.025594 1e-05 1e-05 0.145782 1e-05 1e-05 0.626393 0.160683 1e-05
0.014448 1e-05 0.003726 0.024736 1e-05 1e-05 0.018531 0.002172 1e-05 0.149403 1e-05 0.009786 0.638743 0.137061 0.001345
1e-05 1e-05 0.07011 0.14336 0.023615 1e-05 0.150496 0.011414 0.115579 0.071983 0.003304 0.03138 0.301261 0.077458 1e-05
1e-05 1e-05 1e-05 1e-05 1e-05 0.001375 1e-05 2.4e-05 0.003997 0.484559 0.001087 1e-05 0.491921 0.016956 1e-05
0.005707 1e-05 1e-05 1e-05 1e-05 1e-05 1e-05 0.003125 1e-05 0.415129 0.001388 0.000664 0.516881 0.041737 0.015299
1e-05 1e-05 1e-05 1e-05 1e-05 1e-05 1e-05 0.008613 1e-05 0.62369 1e-05 1e-05 0.334507 0.03308 1e-05
0.001935 1e-05 0.009563 0.009685 1e-05 0.001105 1e-05 0.011251 0.029614 0.124667 0.004823 0.021371 0.588851 0.195531 0.001575
1e-05 0.01096 0.003354 1e-05 1e-05 1e-05 0.032205 1e-05 0.010082 0.217068 1e-05 0.004267 0.584523 0.137472 1e-05
1e-05 1e-05 1e-05 1e-05 0.006947 1e-05 1e-05 0.001099 1e-05 0.208799 1e-05 0.044895 0.62816 0.104764 0.005257
1e-05 1e-05 0.00272 0.024093 0.019981 1e-05 0.024716 1e-05 0.005973 0.174196 1e-05 0.023549 0.571595 0.139231 0.013896
