1e-05 1e-05 2.3e-05 0.987121 0.012098 0.000737
0.001108 1e-05 1e-05 0.99408 0.004783 1e-05
0.001075 1e-05 0.00733 0.991565 1e-05 1e-05
1e-05 1e-05 0.003128 0.981814 0.00345 0.011587
1e-05 0.004468 0.011198 0.980053 0.00426 1e-05
1e-05 0.008151 1e-05 0.987209 0.00461 1e-05
1e-05 1e-05 1e-05 0.99995 1e-05 1e-05
0.002016 1e-05 1e-05 0.995406 1e-05 0.002547
1e-05 1e-05 1e-05 0.993642 0.002566 0.003762
1e-05 1e-05 0.001808 0.990086 0.008075 1e-05
1e-05 0.009386 1e-05 0.986586 0.003998 1e-05
1e-05 0.015347 0.004778 0.978024 0.001832 1e-05
1e-05 1e-05 1e-05 0.99995 1e-05 1e-05
1e-05 1e-05 1e-05 0.99995 1e-05 1e-05
1e-05 0.01767 1e-05 0.969384 0.012917 1e-05
1e-05 0.007277 1e-05 0.957619 0.001909 0.033176
0.006747 1e-05 1e-05 0.992477 0.000745 1e-05
1e-05 0.694537 1e-05 0.220466 0.001035 0.083942
0.004873 0.698614 1e-05 0.26754 0.015677 0.013286
0.0087 0.667481 1e-05 0.203026 1e-05 0.120773
1e-05 0.740148 1e-05 0.121433 1e-05 0.138388
0.009572 0.67973 0.005591 0.161334 1e-05 0.143762
0.002593 0.687085 1e-05 0.141707 0.024523 0.144082
1e-05 0.765833 1e-05 0.057134 1e-05 0.177003
0.009272 0.763112 1e-05 0.064681 1e-05 0.162914
0.009544 0.750804 1e-05 0.042239 1e-05 0.197393
0.002005 0.774277 1e-05 0.046377 0.00988 0.167451
1e-05 0.718819 0.001997 0.092348 0.00846 0.178366
0.00057 0.727459 1e-05 0.096988 1e-05 0.174963
1e-05 0.728886 1e-05 0.09852 0.002465 0.170109
0.010753 0.722905 0.012604 0.111594 0.007034 0.13511
1e-05 0.709538 1e-05 0.106442 0.015839 0.168162
0.012031 0.420662 0.02199 1e-05 1e-05 0.545297
0.002206 0.363051 0.035089 0.031088 1e-05 0.568556
1e-05 0.371321 0.024448 0.018522 1e-05 0.585689
0.00856 0.447956 0.02523 0.002989 1e-05 0.515255
0.001488 0.26076 0.086715 0.005326 0.436298 0.209413
1e-05 1e-05 1e-05 0.99995 1e-05 1e-05
1e-05 0.059852 0.005166 0.925605 1e-05 0.009357
1e-05 0.685823 1e-05 0.243808 0.029038 0.041311
0.006056 0.666821 1e-05 0.294656 0.009397 0.023059
1e-05 0.750623 1e-05 0.093625 1e-05 0.155722
1e-05 0.732413 1e-05 0.142343 0.022604 0.10262
0.0017 0.688766 1e-05 0.148999 1e-05 0.160515
1e-05 0.672487 1e-05 0.214587 0.016496 0.09641
1e-05 0.759588 0.013049 0.044623 1e-05 0.182721
0.022418 0.762822 1e-05 0.049834 0.017604 0.147311
0.004295 0.7601 1e-05 0.044451 1e-05 0.191135
0.001521 0.697191 1e-05 0.093708 1e-05 0.20756
1e-05 0.740156 1e-05 0.101065 0.010627 0.148132
0.008149 0.733761 1e-05 0.080002 0.011144 0.166935
0.020156 0.450539 0.020475 0.003863 0.008809 0.496158
1e-05 1e-05 0.009512 0.990448 1e-05 1e-05
1e-05 1e-05 0.004647 0.985998 0.00406 0.005276
1e-05 1e-05 0.003897 0.982685 1e-05 0.013387
1.4e-05 0.004358 1e-05 0.987983 0.002975 0.004659
1e-05 0.011498 1e-05 0.984908 1e-05 0.003564
1e-05 1e-05 1e-05 0.99995 1e-05 1e-05
1e-05 1e-05 0.00199 0.99797 1e-05 1e-05
1e-05 0.009032 0.005808 0.958047 1e-05 0.027093
1e-05 0.722573 1e-05 0.273839 0.003558 1e-05
1e-05 0.698117 1e-05 0.252934 0.026257 0.022672
1e-05 0.662013 1e-05 0.27051 0.034694 0.032762
1e-05 0.697499 0.000331 0.099666 0.028031 0.174463
0.016835 0.733548 0.0016 0.117465 1e-05 0.130541
0.01473 0.688402 1e-05 0.130279 0.00447 0.162108
0.001502 0.759114 0.002732 0.055391 1e-05 0.181251
1e-05 0.782713 0.00401 0.0419 0.009675 0.161692
0.023318 0.759876 1e-05 0.037719 0.005643 0.173435
0.000317 0.754423 1e-05 0.057749 1e-05 0.187491
0.002142 0.712732 1e-05 0.116469 1e-05 0.168637
1e-05 0.76081 0.003745 0.099501 1e-05 0.135924
1e-05 1e-05 0.004769 0.995191 1e-05 1e-05
1e-05 1e-05 0.00147 0.985984 0.002058 0.010469
1e-05 1e-05 0.008549 0.981772 1e-05 0.009649
1e-05 0.016488 0.006036 0.975025 0.002431 1e-05
1e-05 0.006434 1e-05 0.984907 0.008629 1e-05
1e-05 1e-05 1e-05 0.99995 1e-05 1e-05
1e-05 1e-05 1e-05 0.99995 1e-05 1e-05
1e-05 0.021148 0.003779 0.955559 0.007476 0.012027
1e-05 0.705573 1e-05 0.242939 0.037824 0.013645
0.000356 0.694013 1e-05 0.259361 0.015742 0.030517
0.019216 0.697514 1e-05 0.276967 0.006284 1e-05
0.020909 0.68547 1e-05 0.13085 1e-05 0.162751
1e-05 0.684769 1e-05 0.133411 0.016129 0.165671
0.011581 0.705278 1e-05 0.126752 1e-05 0.15637
1e-05 0.749837 1e-05 0.125552 0.018383 0.106207
0.000501 0.744426 1e-05 0.065114 1e-05 0.189939
1e-05 0.737128 1e-05 0.067938 1e-05 0.194904
0.000344 0.764623 1e-05 0.060109 0.003765 0.17115
1e-05 0.719948 1e-05 0.108863 0.009863 0.161306
1e-05 1e-05 0.002726 0.994397 0.002847 1e-05
1e-05 1e-05 0.004944 0.991214 0.003812 1e-05
1e-05 1e-05 0.005356 0.994604 1e-05 1e-05
1e-05 1e-05 1e-05 0.972424 1e-05 0.027536
1e-05 0.019533 1e-05 0.976295 0.004142 1e-05
0.002623 0.009859 0.004242 0.983256 1e-05 1e-05
1e-05 1e-05 1e-05 0.99995 1e-05 1e-05
1e-05 0.018913 1e-05 0.945059 0.01586 0.020148
1e-05 1e-05 1e-05 0.99995 1e-05 1e-05
0.013964 0.007843 1e-05 0.971864 0.005976 0.000343
1e-05 0.015481 1e-05 0.948018 0.015197 0.021284
1e-05 0.726125 0.013773 0.232667 0.025443 0.001981
1e-05 0.674938 1e-05 0.254935 0.017502 0.052605
0.006855 0.68428 1e-05 0.274267 0.01856 0.016028
0.004793 0.703431 1e-05 0.121641 0.000271 0.169854
1e-05 0.663387 1e-05 0.186026 1e-05 0.150557
0.00218 0.714356 1e-05 0.171689 0.008838 0.102926
1e-05 0.763827 1e-05 0.09784 0.007639 0.130674
1e-05 0.780944 1e-05 0.042087 1e-05 0.176939
0.000438 0.760291 1e-05 0.049872 1e-05 0.189379
1e-05 0.77515 0.015255 0.03406 0.00067 0.174855
0.001015 0.71722 1e-05 0.099166 1e-05 0.182579
0.001968 0.71795 0.003951 0.108101 0.001793 0.166238
1e-05 0.004299 1e-05 0.995661 1e-05 1e-05
1e-05 1e-05 0.001093 0.998867 1e-05 1e-05
1e-05 1e-05 0.005397 0.990734 1e-05 0.00384
1e-05 0.010451 1e-05 0.989509 1e-05 1e-05
1e-05 1e-05 1e-05 0.99995 1e-05 1e-05
1e-05 1e-05 1e-05 0.99995 1e-05 1e-05
1e-05 1e-05 1e-05 0.99995 1e-05 1e-05
1e-05 0.092559 0.003322 0.877361 0.021027 0.005722
1e-05 1e-05 0.006101 0.989367 1e-05 0.004502
0.004626 0.653425 1e-05 0.2773 0.020706 0.043934
1e-05 0.670581 1e-05 0.270898 0.006161 0.05234
1e-05 0.689123 1e-05 0.267502 0.025797 0.017558
1e-05 0.740674 1e-05 0.097867 0.016844 0.144595
1e-05 0.702872 0.00525 0.120085 0.005486 0.166296
0.004928 0.71153 1e-05 0.130967 0.012196 0.140369
1e-05 0.752694 1e-05 0.103764 0.009079 0.134443
0.006944 0.75133 1e-05 0.033167 0.01629 0.19226
0.006836 0.765574 1e-05 0.041357 1e-05 0.186213
1e-05 0.747887 0.003672 0.070211 0.002477 0.175743
1e-05 0.758349 1e-05 0.038074 1e-05 0.203548
1e-05 0.702255 1e-05 0.146269 1e-05 0.151446
1e-05 0.610776 1e-05 0.210947 0.019975 0.158281
1e-05 1e-05 1e-05 0.99995 1e-05 1e-05
0.007354 1e-05 1e-05 0.988977 1e-05 0.00364
1e-05 1e-05 1e-05 0.99995 1e-05 1e-05
1e-05 1e-05 0.007082 0.974357 1e-05 0.018531
1e-05 0.001571 0.005335 0.993064 1e-05 1e-05
1e-05 0.010983 1e-05 0.979229 0.009758 1e-05
1e-05 1e-05 1e-05 0.99995 1e-05 1e-05
1e-05 0.088214 1e-05 0.880019 0.014806 0.016941
1e-05 1e-05 1e-05 0.993785 0.005345 0.00084
1e-05 0.65355 1e-05 0.302971 0.018727 0.024732
1e-05 0.686533 1e-05 0.24839 0.016472 0.048586
1e-05 0.698942 1e-05 0.141228 1e-05 0.1598
0.005321 0.654283 1e-05 0.19776 0.009459 0.133168
1e-05 0.755011 0.012494 0.113278 0.004598 0.114608
0.004239 0.778628 1e-05 0.061138 1e-05 0.155975
1e-05 0.756315 1e-05 0.047586 0.017243 0.178836
1e-05 0.756976 1e-05 0.055501 0.004204 0.183299
1e-05 0.765428 1e-05 0.051031 1e-05 0.183511
0.014402 0.724082 1e-05 0.093869 0.015987 0.151649
1e-05 1e-05 0.002623 0.997337 1e-05 1e-05
0.002795 1e-05 1e-05 0.987846 0.00459 0.004749
0.008002 1e-05 0.003082 0.98675 0.002147 1e-05
1e-05 1e-05 0.006116 0.97378 0.012246 0.007839
0.00196 0.009837 1e-05 0.982467 1e-05 0.005716
1e-05 1e-05 1e-05 0.99995 1e-05 1e-05
1e-05 0.008893 1e-05 0.984768 0.001376 0.004943
0.002623 0.667608 1e-05 0.29339 0.028146 0.008223
1.5e-05 0.714186 1e-05 0.128131 0.018307 0.139351
1e-05 0.747639 1e-05 0.12811 1e-05 0.124221
1.7e-05 0.737407 1e-05 0.119051 0.004152 0.139363
1e-05 0.719726 1e-05 0.120882 0.012727 0.146645
0.012237 0.722336 1e-05 0.101392 0.008285 0.15574
0.003454 0.754947 1e-05 0.055895 1e-05 0.185684
1e-05 0.751624 0.004995 0.057847 0.000711 0.184812
1e-05 0.705723 1e-05 0.114735 0.013404 0.166118
0.002216 1e-05 1e-05 0.992113 0.004038 0.001613
0.007855 1e-05 1e-05 0.992105 1e-05 1e-05
1e-05 0.007724 1e-05 0.991934 0.000312 1e-05
1e-05 0.021432 0.000856 0.96775 0.005494 0.004459
1e-05 1e-05 1e-05 0.99995 1e-05 1e-05
1e-05 0.724628 1e-05 0.099669 1e-05 0.175673
1e-05 0.750136 1e-05 0.064068 1e-05 0.185766
0.007143 0.716032 1e-05 0.094324 1e-05 0.18248
1e-05 0.760006 0.008006 0.054974 1e-05 0.176994
1e-05 0.772162 0.014153 0.050528 1e-05 0.163136
0.004018 0.722216 0.00662 0.106584 1e-05 0.160552
1e-05 0.743031 0.004454 0.10335 0.018262 0.130893
0.009862 0.721089 1e-05 0.096615 0.019381 0.153044
0.011035 0.700344 1e-05 0.097781 0.000385 0.190445
0.024506 0.421868 0.00611 0.020445 0.004703 0.522368
0.009872 0.429772 0.022798 1.4e-05 1e-05 0.537535
1e-05 0.42357 0.024041 0.022713 1e-05 0.529656
1e-05 0.426396 0.029919 0.013648 1e-05 0.530017
0.011799 0.390333 0.006453 0.031136 1e-05 0.560268
1e-05 1e-05 1e-05 0.99995 1e-05 1e-05
1e-05 1e-05 1e-05 0.993766 0.006194 1e-05
7e-05 1e-05 1e-05 0.977451 0.011548 0.010911
1e-05 0.006348 1e-05 0.98523 0.003636 0.004766
1e-05 0.006843 1e-05 0.984513 1e-05 0.008615
1e-05 1e-05 1e-05 0.99995 1e-05 1e-05
1e-05 1e-05 1e-05 0.99995 1e-05 1e-05
1e-05 0.739974 1e-05 0.099085 0.01348 0.147441
0.011496 0.692442 1e-05 0.106416 1e-05 0.189625
1e-05 0.772625 1e-05 0.0685 0.015539 0.143316
0.015203 0.76343 1e-05 0.062316 0.004117 0.154924
0.003764 0.77328 1e-05 0.042463 1e-05 0.180472
0.002087 0.768184 1e-05 0.029962 1e-05 0.199747
0.006691 0.71453 1e-05 0.100158 0.004893 0.173718
0.004058 0.731664 1e-05 0.087226 0.008817 0.168225
0.004647 0.666098 1e-05 0.186819 0.017742 0.124684
1e-05 0.420103 0.026431 0.02767 0.000732 0.525054
1e-05 0.478133 0.027749 0.009667 1e-05 0.484432
1e-05 0.279448 0.081787 1e-05 0.443709 0.195036
1e-05 1e-05 0.001416 0.976837 0.003191 0.018536
1e-05 1e-05 0.000811 0.990761 1e-05 0.008398
0.003363 0.012262 0.001471 0.982884 1e-05 1e-05
1e-05 1e-05 1e-05 0.99995 1e-05 1e-05
0.014458 0.713756 1e-05 0.117142 1e-05 0.154624
1e-05 0.743659 1e-05 0.103051 0.001561 0.151709
0.010754 0.757062 0.004474 0.050393 1e-05 0.177307
0.014134 0.771822 0.002531 0.044094 0.000274 0.167146
0.018354 0.773255 1e-05 0.03606 0.003517 0.168804
1e-05 0.695817 1e-05 0.157412 0.002034 0.144717
0.002553 0.770937 1e-05 0.056194 1e-05 0.170297
1e-05 0.674452 1e-05 0.141159 1e-05 0.184359
0.021877 0.442055 0.01128 1e-05 1e-05 0.524768
1e-05 0.402465 0.03811 0.015409 1e-05 0.543996
0.022612 0.332484 0.011083 0.003151 0.009317 0.621353
1e-05 0.434581 0.026807 0.052762 1e-05 0.485829
1e-05 0.331439 0.076 1e-05 0.342884 0.249658
0.005797 0.687396 1e-05 0.129193 0.023546 0.154058
0.000698 1e-05 1e-05 0.990634 0.004316 0.004332
1e-05 0.006055 0.004764 0.986542 1e-05 0.002619
1e-05 1e-05 1e-05 0.99995 1e-05 1e-05
6.8e-05 0.002828 9.4e-05 0.995027 0.001973 1e-05
0.004114 0.658403 0.001884 0.271781 0.013057 0.05076
1e-05 0.610647 1e-05 0.342307 0.019078 0.027948
1e-05 0.763172 1e-05 0.0877 1e-05 0.149098
1e-05 0.698383 1e-05 0.147328 0.010691 0.143578
0.004323 0.767227 1e-05 0.049347 0.006483 0.172611
1e-05 0.761642 0.006492 0.050388 0.017088 0.164381
1e-05 0.768214 1e-05 0.066631 1e-05 0.165125
0.008722 0.705402 0.021597 0.099822 1e-05 0.164447
1e-05 0.687753 0.001696 0.148183 0.008212 0.154146
1e-05 0.423412 0.013436 0.017485 1e-05 0.545648
1e-05 0.342442 0.024389 0.049068 1e-05 0.584081
1e-05 0.429905 0.035129 0.019284 1e-05 0.515662
0.010944 0.438835 0.021435 0.016443 1e-05 0.512332
0.014005 0.699059 1e-05 0.117419 0.001115 0.168392
0.000604 0.742068 0.002658 0.093291 1e-05 0.161369
1e-05 0.675804 0.003204 0.176163 0.000954 0.143865
0.017136 0.408962 0.001126 0.021371 1e-05 0.551394
0.031346 0.457406 1e-05 0.007929 0.003731 0.499577
1.6e-05 0.487554 0.022621 0.020442 1e-05 0.469358
0.01687 0.445278 0.037902 0.013939 1e-05 0.486001
1e-05 0.319398 0.06711 1e-05 0.413842 0.199629
1e-05 0.30922 0.066436 1e-05 0.383774 0.240551
1e-05 0.453923 0.025893 0.027868 1e-05 0.492297
0.017313 0.482763 0.001038 0.037177 1e-05 0.461699
0.019255 0.291224 0.019702 0.058268 1e-05 0.611541
1e-05 0.321656 0.04557 1e-05 0.014135 0.618619
1e-05 0.312407 0.056249 1e-05 0.018251 0.613073
0.010047 0.3606 0.046957 1e-05 0.018293 0.564093
0.01256 0.395837 0.022189 0.022915 0.004278 0.542221
1e-05 0.377108 0.057789 1e-05 0.008795 0.556288
0.01821 0.310695 0.029346 1e-05 0.10157 0.540169
0.009682 0.322703 0.052571 1e-05 0.070973 0.544062
0.002847 1e-05 1e-05 1e-05 0.997113 1e-05
1e-05 1e-05 0.019774 1e-05 0.960688 0.019509
0.010787 1e-05 1e-05 1e-05 0.984303 0.004879
0.012091 0.01255 0.008018 0.007403 0.945796 0.014142
0.000424 0.709287 1e-05 0.117669 1e-05 0.1726
0.008716 0.719424 1e-05 0.114641 0.001411 0.155798
0.006454 0.71067 1e-05 0.102283 0.013469 0.167114
0.006244 0.418255 0.041274 0.033503 0.008111 0.492613
0.014637 0.439301 0.027589 0.040693 1e-05 0.47777
1e-05 0.436961 0.029539 0.008993 1e-05 0.524488
0.00255 0.368521 0.017537 0.029054 1e-05 0.582327
1e-05 0.308797 0.078689 0.006204 0.41672 0.189581
1e-05 0.470182 0.01094 0.014779 1e-05 0.504079
1e-05 0.469585 0.019725 0.051269 1e-05 0.459402
1e-05 0.276571 0.033862 0.047197 0.022232 0.620128
0.03124 0.310829 0.017823 1e-05 0.013334 0.626764
0.024364 0.412297 0.013665 0.001576 0.026144 0.521953
1e-05 0.284549 0.026063 0.027021 0.036316 0.626042
0.025759 0.360287 0.035582 0.01653 0.007555 0.554286
0.007403 0.391898 0.054324 0.007442 1e-05 0.538923
0.029328 0.266015 0.037701 0.006589 0.102723 0.557643
1e-05 0.316438 0.053096 0.005485 0.122854 0.502117
0.013155 1e-05 1e-05 1e-05 0.986805 1e-05
1e-05 1e-05 0.005366 1e-05 0.994594 1e-05
1e-05 1e-05 1e-05 1e-05 0.99995 1e-05
1e-05 0.020017 0.024687 1e-05 0.954818 0.000457
1e-05 0.691424 1e-05 0.141886 1e-05 0.166661
1e-05 0.708527 0.017952 0.100434 0.001245 0.171833
1e-05 0.727661 1e-05 0.098567 1e-05 0.173742
0.001431 0.407065 0.017451 0.057852 1e-05 0.516192
0.01659 0.425161 0.006609 0.01368 1e-05 0.537951
0.009754 0.444766 0.02413 0.019208 0.037669 0.464473
1e-05 0.371325 0.02669 0.018409 0.0082 0.575366
0.00308 0.283577 0.072696 0.017826 0.428422 0.194398
0.000214 0.275596 0.074107 1e-05 0.441647 0.208426
1e-05 0.426413 0.02751 0.090669 1e-05 0.455388
0.006245 0.307524 0.012161 0.090951 0.010135 0.572984
1e-05 0.261257 0.033735 0.005098 0.01688 0.68302
0.004474 0.345077 0.030918 1e-05 0.023485 0.596036
0.024874 0.454738 0.019466 0.011005 0.039399 0.450519
0.032009 0.259828 0.010153 1e-05 0.030926 0.667073
0.021231 0.428419 0.003244 0.023674 1e-05 0.523423
0.00244 0.387182 0.056017 0.00238 1e-05 0.55197
0.014346 0.371984 0.038447 0.005934 1e-05 0.569279
1e-05 0.312318 0.032147 0.002697 0.095858 0.556971
0.007426 0.311119 0.048496 0.007202 0.10908 0.516678
0.005349 1e-05 1e-05 1e-05 0.994611 1e-05
0.002538 1e-05 0.005401 1e-05 0.992031 1e-05
0.008022 1e-05 1e-05 1e-05 0.991938 1e-05
1e-05 0.016224 0.016658 1e-05 0.964517 0.002581
1e-05 0.718223 1e-05 0.115347 1e-05 0.166399
0.012853 0.432594 0.014034 0.06447 1e-05 0.476039
0.003135 0.174239 0.03961 1e-05 0.05551 0.727496
0.030066 0.370531 0.019107 0.018213 0.001131 0.560953
1e-05 0.298669 0.065598 0.005346 0.394075 0.236302
0.000609 0.739432 1e-05 0.088222 0.022212 0.149515
0.015002 0.277546 0.076927 0.005043 0.412817 0.212665
1e-05 0.438397 0.033713 0.023876 1e-05 0.503994
0.0114 0.285932 0.011714 0.013633 0.030828 0.646494
0.011013 0.290934 0.014866 1e-05 0.024837 0.658341
0.03311 0.361566 0.013502 1e-05 0.0185 0.573312
1e-05 0.396137 0.050871 0.007612 0.003587 0.541784
1e-05 0.381746 0.036377 1e-05 1e-05 0.581848
0.018029 0.372792 0.047825 0.008378 0.002794 0.550182
0.01367 0.3666 0.051932 0.013336 1e-05 0.554452
0.010361 0.298049 0.045928 0.00692 0.109641 0.5291
0.027964 0.336361 0.013351 0.008024 0.10574 0.508559
1e-05 1e-05 0.016691 1e-05 0.972402 0.010877
1e-05 1e-05 1e-05 1e-05 0.9985 0.00146
0.013202 1e-05 1e-05 1e-05 0.986758 1e-05
0.018195 0.007898 0.00074 1e-05 0.954552 0.018606
1e-05 0.00038 1e-05 0.993444 0.004634 0.001522
1e-05 1e-05 1e-05 1e-05 0.99995 1e-05
0.027093 1e-05 0.009876 0.004155 0.949619 0.009247
0.002632 1e-05 1e-05 1e-05 0.997328 1e-05
1e-05 0.02209 0.094273 1e-05 0.881447 0.00217
0.020234 0.029527 0.037665 0.004452 0.900054 0.008068
1e-05 0.011726 0.117936 0.001732 0.868586 1e-05
1e-05 0.018755 0.054511 1e-05 0.920035 0.006678
0.025147 0.275096 0.051148 0.011601 0.475233 0.161775
0.005054 1e-05 1e-05 0.003393 0.990774 0.000759
1e-05 1e-05 0.021386 1e-05 0.978574 1e-05
1e-05 0.025343 0.095484 1e-05 0.843902 0.035251
0.010894 0.035343 0.075316 1e-05 0.876152 0.002286
0.019372 0.047704 0.047768 1e-05 0.884762 0.000384
1e-05 0.309045 0.08966 0.001841 0.431396 0.168048
0.004685 1e-05 0.001133 0.002775 0.987049 0.004348
0.024939 1e-05 1e-05 0.001196 0.968643 0.005202
0.01612 1e-05 1e-05 1e-05 0.98384 1e-05
1e-05 0.029377 0.075459 0.003664 0.864338 0.027152
1e-05 0.028303 0.060603 1e-05 0.892514 0.018559
0.00027 0.004884 0.070105 1e-05 0.924473 0.000257
1e-05 0.04314 0.080364 1e-05 0.851615 0.02486
0.004504 0.262979 0.060868 1e-05 0.500491 0.171147
1e-05 0.701639 0.000875 0.102543 1e-05 0.194922
1e-05 0.741114 1e-05 0.097762 0.004723 0.15638
0.010869 0.464957 1e-05 0.024182 1e-05 0.499971
0.016534 0.396097 0.011332 0.048147 1e-05 0.52788
0.006049 0.41905 0.025371 0.005149 1e-05 0.544371
1e-05 0.444048 0.02413 0.012958 1e-05 0.518844
0.011356 0.372535 0.004567 0.038052 1e-05 0.573481
0.041366 0.25412 0.04752 0.011958 0.475191 0.169845
1e-05 0.262983 0.075301 0.002565 0.435801 0.22334
0.005398 0.449813 0.012165 0.031674 1e-05 0.500939
1e-05 0.449484 0.022148 0.079344 1e-05 0.449004
0.02086 0.32448 0.0362 1e-05 0.010945 0.607505
0.000937 0.390574 0.0475 0.008062 0.02658 0.526347
0.012427 0.388526 0.036856 0.003299 1e-05 0.558883
0.006602 0.400122 0.056165 1e-05 0.000128 0.536973
0.01518 0.385349 0.038315 1e-05 1e-05 0.561136
0.000252 0.242928 0.039768 1e-05 0.108239 0.608803
0.010285 0.290415 0.048271 1e-05 0.099112 0.551907
0.00701 1e-05 0.001817 1e-05 0.991143 1e-05
0.001792 1e-05 0.002146 1e-05 0.996031 1e-05
0.008637 1e-05 7.8e-05 1e-05 0.991255 1e-05
1e-05 0.036354 0.02158 0.004481 0.930458 0.007117
0.00708 0.263024 0.074099 1e-05 0.44592 0.209867
0.01252 0.415156 0.044943 0.018625 0.225965 0.282791
0.016665 0.316463 0.017834 0.052556 0.016323 0.58016
1e-05 0.436729 0.044774 0.016709 1e-05 0.501769
0.033976 0.296962 0.019831 0.016814 0.005147 0.627271
0.012059 0.36431 0.030689 0.002279 1e-05 0.590653
1e-05 0.349129 0.041321 0.004592 0.040737 0.564211
0.009188 0.401407 0.037129 0.013004 0.010436 0.528836
0.008109 0.409177 0.034232 1e-05 0.006573 0.541899
1e-05 0.344914 0.050365 1e-05 1e-05 0.604691
0.007235 0.281531 0.053579 1e-05 0.110516 0.54713
0.00496 0.290277 0.047677 0.010412 0.101992 0.544682
0.006434 0.009135 0.007118 1e-05 0.977293 1e-05
0.007416 1e-05 1e-05 1e-05 0.992544 1e-05
1e-05 0.015832 0.02361 0.011727 0.931621 0.017201
0.008009 1e-05 0.000513 0.001842 0.989616 1e-05
0.015212 1e-05 0.027404 1e-05 0.931424 0.025941
1e-05 1e-05 0.006587 1e-05 0.993373 1e-05
1e-05 0.01877 0.114128 1e-05 0.861609 0.005473
1e-05 0.034768 0.084416 1e-05 0.880786 1e-05
0.024282 0.026534 0.031318 0.010272 0.903556 0.004038
0.020711 0.287827 0.058736 1e-05 0.432204 0.200512
0.014065 0.271877 0.083539 0.005831 0.419736 0.204952
1e-05 0.42506 0.017345 0.040434 1e-05 0.517141
0.008336 0.432623 0.031222 0.025466 1e-05 0.502342
0.006118 0.284439 0.035594 0.0013 0.046098 0.62645
0.00523 0.275652 0.027372 0.015239 0.034874 0.641632
0.040582 0.359118 0.018506 1e-05 1e-05 0.581774
0.039141 0.336103 0.021583 1e-05 0.025375 0.577788
1e-05 0.367455 0.040119 0.002943 1e-05 0.589464
1e-05 0.404917 0.035347 1e-05 1e-05 0.559705
0.039057 0.312492 0.027062 0.001456 0.096766 0.523167
1e-05 1e-05 0.030612 1e-05 0.966194 0.003164
0.000276 1e-05 1e-05 1e-05 0.999684 1e-05
0.003133 1e-05 1e-05 1e-05 0.994145 0.002692
0.009931 0.022919 0.03006 1e-05 0.936536 0.000544
0.005894 1e-05 1e-05 1e-05 0.994066 1e-05
0.013599 1e-05 0.029581 1e-05 0.916342 0.040458
0.004428 1e-05 1e-05 1e-05 0.995532 1e-05
1e-05 0.020877 0.084067 0.004971 0.890065 1e-05
1e-05 0.007032 0.092863 0.00105 0.873183 0.025862
1e-05 0.011509 0.054828 0.00083 0.925538 0.007285
0.007653 0.251137 0.092735 1e-05 0.511907 0.136558
0.015324 0.430627 0.015578 0.061595 1e-05 0.476865
0.003771 0.406902 0.02166 0.050008 0.001594 0.516065
1e-05 0.370427 0.02907 0.02798 0.010558 0.561955
0.038173 0.320234 0.00269 1e-05 0.039669 0.599224
0.003846 0.320855 0.033164 1e-05 1e-05 0.642115
0.002062 0.420739 0.055607 1e-05 0.023025 0.498556
0.019593 0.422582 1e-05 0.014485 1e-05 0.54332
0.038377 0.381852 0.019823 1e-05 0.012185 0.547753
1e-05 0.389967 0.047434 1e-05 1e-05 0.562569
1e-05 0.301076 0.040875 1e-05 0.103784 0.554244
0.034142 0.26302 0.034486 0.002169 0.097318 0.568864
1e-05 0.006791 0.009625 1e-05 0.969604 0.01396
1e-05 1e-05 1e-05 1e-05 0.99995 1e-05
0.005817 1e-05 0.002195 0.001188 0.990735 5.6e-05
0.028343 0.010227 0.015693 1e-05 0.922425 0.023302
0.013479 0.001334 1e-05 1e-05 0.985157 1e-05
0.027068 0.001071 0.007683 1e-05 0.942306 0.021862
1e-05 1e-05 0.004293 1e-05 0.995667 1e-05
1e-05 0.007336 0.172382 1e-05 0.810826 0.009435
1e-05 0.042255 0.066025 0.002762 0.888937 1e-05
0.022783 0.086006 0.029142 0.004649 0.847974 0.009446
0.008401 0.33869 0.067378 1e-05 0.370706 0.214816
0.013014 0.266189 0.064141 1e-05 0.390748 0.265899
0.011714 0.409685 0.013823 0.060785 1e-05 0.503983
1e-05 0.427044 0.025725 0.049847 1e-05 0.497364
0.011954 0.308474 0.037069 0.014828 0.000686 0.62699
0.005738 0.226815 0.047555 0.0103 1e-05 0.709582
0.039297 0.415459 0.011866 0.010444 0.002465 0.520469
0.007002 0.432561 0.049472 0.005299 0.007155 0.498512
0.01275 0.38126 0.045967 1e-05 1e-05 0.560003
0.002588 0.410162 0.041948 1e-05 1e-05 0.545281
0.00587 0.392302 0.049321 0.001035 0.002361 0.549113
0.015649 0.307931 0.05651 0.007246 0.099087 0.513578
0.009013 0.295709 0.044402 0.004944 0.081166 0.564766
0.000955 1e-05 0.032188 0.002859 0.963977 1e-05
1e-05 0.007375 0.020999 1e-05 0.971596 1e-05
0.012706 1e-05 1e-05 1e-05 0.987254 1e-05
1e-05 0.018359 0.034664 1e-05 0.944408 0.002549
0.012645 1e-05 0.012501 1e-05 0.974824 1e-05
1e-05 1e-05 1e-05 1e-05 0.99995 1e-05
1e-05 0.031803 0.074774 1e-05 0.893393 1e-05
1e-05 0.018646 0.0813 1e-05 0.884386 0.015648
1e-05 0.044147 0.069698 5e-05 0.874085 0.012009
0.004313 1e-05 0.102085 1e-05 0.893572 1e-05
1e-05 1e-05 1e-05 0.000201 0.972133 0.027637
1e-05 0.285174 0.076038 0.01945 0.440299 0.179029
0.00808 0.412756 0.012096 0.015631 1e-05 0.551427
1e-05 0.348847 0.033079 0.004294 0.030894 0.582876
0.014768 0.381722 0.071374 1e-05 0.009387 0.522739
0.016865 0.38847 0.042345 0.001955 0.007437 0.542928
0.015516 0.316007 0.059637 0.002512 0.087535 0.518793
0.033129 0.297395 0.015476 1e-05 0.099503 0.554487
1e-05 1e-05 1e-05 1e-05 0.99995 1e-05
0.009251 1e-05 1e-05 1e-05 0.990709 1e-05
0.008031 1e-05 1e-05 1e-05 0.991929 1e-05
1e-05 1e-05 0.003758 1e-05 0.996202 1e-05
1e-05 0.436273 0.028413 0.035105 1e-05 0.50019
0.000702 1e-05 0.036564 1e-05 0.952631 0.010083
0.008961 1e-05 1e-05 1e-05 0.990999 1e-05
1e-05 0.029809 0.137641 1e-05 0.83252 1e-05
1e-05 0.027306 0.095803 1e-05 0.87362 0.003251
1e-05 0.018096 0.106041 1e-05 0.875833 1e-05
0.015993 0.340916 0.041421 1e-05 0.363738 0.237923
1e-05 1e-05 1e-05 1e-05 0.982963 0.016997
0.023753 0.40375 0.001803 0.068137 1e-05 0.502547
1e-05 0.456456 0.018141 0.022087 1e-05 0.503296
1e-05 0.278931 0.020236 0.078483 0.012734 0.609607
0.033014 0.325158 0.009123 0.001761 0.02649 0.604454
0.029942 0.400529 0.022971 0.012703 0.023743 0.510112
1e-05 0.379041 0.030383 1e-05 0.0157 0.574857
1e-05 0.451924 0.012939 0.057847 1e-05 0.47727
1e-05 0.288995 0.031608 0.019718 0.017836 0.641833
0.021339 0.391947 0.026325 0.014378 0.026747 0.519263
0.007639 0.37237 0.029095 0.002344 0.045773 0.542779
0.00668 1e-05 0.006194 1e-05 0.987097 1e-05
0.009063 0.014065 0.094798 0.000338 0.879755 0.00198
0.015111 1e-05 0.010267 1e-05 0.942227 0.032375
0.00109 1e-05 0.011474 1e-05 0.986507 0.000909
1e-05 0.036955 0.091093 1e-05 0.858558 0.013374
1e-05 0.036554 0.07121 0.001999 0.888977 0.00125
1e-05 0.204014 0.063806 0.005357 0.707336 0.019477
1e-05 0.307032 0.086764 0.001114 0.428738 0.176342
0.015577 1e-05 1e-05 1e-05 0.9663 0.018093
0.021715 0.390109 0.030537 1e-05 0.015655 0.541973
0.028302 0.265655 0.034745 0.012972 0.099433 0.558892
0.014441 0.28922 0.025748 1e-05 0.106814 0.563766
0.018042 0.303465 0.038761 1e-05 0.095018 0.544704
1e-05 1e-05 1e-05 1e-05 0.99995 1e-05
1e-05 1e-05 1e-05 1e-05 0.99995 1e-05
0.015843 1e-05 1e-05 1e-05 0.984117 1e-05
0.013449 1e-05 1e-05 1e-05 0.986511 1e-05
0.006923 1e-05 0.013264 1e-05 0.957519 0.022274
1e-05 0.015558 0.131731 0.001195 0.848111 0.003395
1e-05 0.043835 0.075322 1e-05 0.87171 0.009113
1e-05 0.056219 0.061679 1e-05 0.882072 1e-05
1e-05 0.01809 0.074814 0.002753 0.896666 0.007666
0.012534 0.022274 0.032334 1e-05 0.924933 0.007915
2.5e-05 1e-05 1e-05 1e-05 0.982245 0.017699
0.014334 1e-05 0.007493 0.00811 0.970043 1e-05
0.00167 1e-05 0.017717 1e-05 0.980583 1e-05
0.003805 0.029547 0.089901 1e-05 0.876727 1e-05
1e-05 0.030499 0.065093 1e-05 0.880935 0.023452
0.008838 0.00967 0.065574 0.014664 0.896528 0.004724
0.004484 0.324186 0.053973 0.012773 0.409688 0.194896
1e-05 1e-05 1e-05 0.00664 0.992015 0.001315
1e-05 1e-05 1e-05 1e-05 0.993247 0.006713
1e-05 0.002376 1e-05 0.008202 0.974426 0.014976
0.005782 1e-05 1e-05 1e-05 0.994178 1e-05
0.002309 0.032832 0.040622 0.011561 0.861403 0.051272
1e-05 0.070422 0.162815 1e-05 0.729839 0.036903
1e-05 0.133913 0.156888 1e-05 0.687592 0.021587
1e-05 1e-05 0.022885 1e-05 0.977075 1e-05
0.016018 1e-05 0.00953 1e-05 0.974422 1e-05
0.015872 1e-05 0.031444 1e-05 0.952653 1e-05
0.004365 1e-05 1e-05 0.012141 0.957322 0.026152
0.014888 1e-05 1e-05 0.084204 0.362994 0.537894
0.014367 1e-05 1e-05 0.080923 0.367507 0.537182
1e-05 1e-05 1e-05 0.086424 0.524189 0.389357
0.004424 1e-05 1e-05 0.075643 0.512559 0.407354
0.017009 0.915155 0.012484 0.000847 0.006954 0.047551
0.008078 0.89056 0.042368 1e-05 0.013529 0.045455
0.019103 0.95636 0.011445 0.008602 0.00448 1e-05
0.014359 0.955578 0.02351 0.002477 1e-05 0.004065
0.013169 0.947968 1e-05 0.024662 0.014181 1e-05
1e-05 0.953983 1e-05 0.022355 0.01007 0.013571
0.006838 0.922634 1e-05 0.032983 0.00988 0.027654
1e-05 0.898054 0.016267 0.004395 0.027767 0.053508
0.036772 0.900146 0.02675 1e-05 1e-05 0.036312
0.015612 0.90963 0.027123 1e-05 0.005239 0.042385
0.002801 1e-05 1e-05 1e-05 0.986198 0.010972
0.006678 1e-05 0.010121 0.003837 0.979344 1e-05
0.019791 0.05726 0.052423 0.00342 0.838211 0.028895
1e-05 0.104654 0.145283 1e-05 0.727692 0.022352
1e-05 1e-05 0.036628 1e-05 0.963332 1e-05
1e-05 1e-05 0.025268 1e-05 0.974692 1e-05
0.016833 1e-05 1e-05 0.004328 0.81457 0.164248
1e-05 1e-05 3e-05 0.110657 0.382318 0.506974
0.006036 1e-05 1e-05 0.093265 0.386989 0.51369
1e-05 1e-05 0.003628 0.080598 0.513239 0.402515
0.006986 0.909918 0.028015 1e-05 0.008712 0.046359
0.013373 0.893165 0.034416 1e-05 0.007471 0.051566
1e-05 0.018529 0.104904 1e-05 0.872698 0.00385
0.011859 0.94811 0.015997 0.001393 0.02263 1e-05
0.011856 0.934666 0.013561 1e-05 0.007703 0.032204
0.025752 0.94586 1e-05 0.02026 0.008108 1e-05
1e-05 0.944397 0.008837 0.028445 0.018301 1e-05
1e-05 0.96206 0.006176 0.029709 0.002035 1e-05
0.002713 0.914768 0.022103 0.003272 0.019727 0.037418
0.008606 0.89518 0.026046 0.002528 0.014767 0.052873
0.003309 0.894724 0.028942 1e-05 0.019291 0.053725
1e-05 1e-05 1e-05 1e-05 0.985034 0.014926
0.007486 0.005514 0.00938 1e-05 0.951286 0.026323
0.018838 0.028235 0.025598 1e-05 0.903061 0.024258
1e-05 0.125708 0.160452 1e-05 0.698529 0.01529
1e-05 0.059798 0.162396 1e-05 0.747644 0.030142
1e-05 1e-05 0.049401 1e-05 0.950559 1e-05
0.015333 1e-05 0.011949 1e-05 0.972688 1e-05
1e-05 1e-05 0.042991 1e-05 0.956969 1e-05
0.011034 0.008989 1e-05 0.014989 0.871362 0.093616
1e-05 1e-05 1e-05 0.095252 0.392256 0.512462
0.018324 1e-05 1e-05 0.062057 0.493817 0.425782
0.010771 0.895305 0.030377 1e-05 1e-05 0.063526
1e-05 0.88987 0.048884 0.011902 0.005567 0.043767
0.014364 0.884233 0.04414 1e-05 0.002571 0.054682
0.033151 0.933127 1e-05 0.00459 0.029112 1e-05
0.004277 0.923972 0.041765 1e-05 0.029965 1e-05
0.004645 0.959868 0.005496 0.028771 0.00121 1e-05
1e-05 0.96036 1e-05 0.012206 0.027403 1e-05
0.001728 0.898892 0.030402 1e-05 0.025714 0.043254
0.037212 0.878339 1e-05 0.013128 1e-05 0.071301
0.013297 0.886756 0.041094 1e-05 1e-05 0.058833
0.025633 0.875066 0.033265 1e-05 0.005249 0.060777
0.009793 1e-05 1e-05 0.002 0.966539 0.021649
0.010235 1e-05 0.006548 0.003881 0.961431 0.017895
0.010135 1e-05 0.018322 1e-05 0.933705 0.037817
1e-05 0.065654 0.053662 0.003997 0.840279 0.036398
1e-05 0.081581 0.141095 1e-05 0.735125 0.042179
1e-05 1e-05 0.034316 1e-05 0.965644 1e-05
0.001933 1e-05 0.045444 0.002023 0.95058 1e-05
0.017687 1e-05 0.009406 1e-05 0.972876 1e-05
0.01158 0.012373 0.004671 0.011122 0.776867 0.183387
0.01131 1e-05 1e-05 0.091034 0.367285 0.530351
0.0112 1e-05 1e-05 0.076289 0.500694 0.411797
0.010285 0.890371 0.030257 0.000463 0.00695 0.061674
0.002004 0.910839 0.019406 0.007194 0.016843 0.043714
0.000786 0.884995 0.007413 0.01365 0.0096 0.083556
1e-05 0.352544 0.066511 0.002002 0.104181 0.474753
0.01249 0.286267 0.068998 1e-05 0.066458 0.565777
0.016934 0.010547 0.017234 1e-05 0.951792 0.003483
1e-05 1e-05 1e-05 1e-05 0.99995 1e-05
0.001316 0.01384 0.025795 0.007619 0.948223 0.003207
0.004513 0.698207 1e-05 0.110016 0.002877 0.184376
0.009149 1e-05 1e-05 0.007919 0.982902 1e-05
0.012849 1e-05 1e-05 1e-05 0.987111 1e-05
0.018568 0.008287 1e-05 0.000354 0.960999 0.011782
0.002536 0.056744 0.037624 0.001844 0.860857 0.040395
1e-05 0.161826 0.154372 0.001464 0.657363 0.024965
1e-05 0.059215 0.155079 0.005666 0.741761 0.03827
0.001415 1e-05 0.034376 1e-05 0.964179 1e-05
0.007053 1e-05 0.026655 1e-05 0.966262 1e-05
0.007407 1e-05 0.040091 1e-05 0.952472 1e-05
1e-05 1e-05 0.009744 0.011393 0.892179 0.086664
1e-05 1e-05 0.006907 0.096471 0.350826 0.545777
0.0022 1e-05 1e-05 0.08038 0.515186 0.402214
1e-05 1e-05 1e-05 0.06409 0.500677 0.435203
1e-05 0.884446 0.056763 0.005289 1e-05 0.053482
0.025248 0.902043 0.030841 0.002958 1e-05 0.0389
0.0266 0.894914 0.026354 1e-05 0.010865 0.041257
0.000897 1e-05 1e-05 1e-05 0.999063 1e-05
1e-05 1e-05 0.024002 0.007413 0.942343 0.026223
1e-05 0.08038 0.175366 1e-05 0.72406 0.020174
1e-05 0.045446 0.164812 1e-05 0.737007 0.052715
1e-05 1e-05 0.027566 1e-05 0.972394 1e-05
0.024063 1e-05 1e-05 1e-05 0.9603 0.015608
1e-05 1e-05 1e-05 1e-05 0.99995 1e-05
0.016382 0.001254 1e-05 1e-05 0.960148 0.022196
1e-05 0.037609 0.033193 1e-05 0.892517 0.036661
1e-05 0.056607 0.178365 1e-05 0.737275 0.027732
1e-05 0.067662 0.150844 0.005191 0.759016 0.017277
0.00916 1e-05 0.027801 1e-05 0.963009 1e-05
0.008116 1e-05 0.024873 1e-05 0.966981 1e-05
0.005211 1e-05 0.037789 1e-05 0.95697 1e-05
0.00352 0.008476 1e-05 0.010001 0.830949 0.147045
0.003095 1e-05 1e-05 0.081012 0.383217 0.532656
1e-05 1e-05 0.004767 0.06728 0.518467 0.409466
0.014497 0.867522 0.029075 0.005359 1e-05 0.083537
0.007003 0.893568 0.028895 1e-05 0.017114 0.05341
0.007039 0.889339 0.012005 0.006453 0.014543 0.070621
1e-05 0.953786 0.025406 1e-05 0.020778 1e-05
0.01362 0.950025 1e-05 0.015006 0.02133 1e-05
0.011628 0.962435 1e-05 0.015118 0.010798 1e-05
0.018211 0.901163 0.01518 1e-05 0.018072 0.047364
0.021337 0.833007 0.009725 0.0241 0.009274 0.102556
0.019867 0.879111 0.023171 1e-05 0.007027 0.070814
0.03093 0.698815 0.007688 1e-05 0.03429 0.228268
0.023924 0.418453 0.003231 0.00462 0.002514 0.547259
0.021148 1e-05 1e-05 0.008753 0.93588 0.034199
1e-05 1e-05 1e-05 0.000952 0.999008 1e-05
1.6e-05 1e-05 0.023782 1e-05 0.952435 0.023747
0.010244 0.077336 0.039736 0.002831 0.869829 2.5e-05
1e-05 0.103876 0.162484 0.004398 0.722663 0.006569
1e-05 0.112875 0.157678 1e-05 0.69228 0.037147
1e-05 1e-05 0.024653 0.005632 0.969685 1e-05
1e-05 1e-05 0.037055 1e-05 0.962905 1e-05
1e-05 1e-05 0.043655 1e-05 0.956305 1e-05
0.000854 1e-05 1e-05 0.101131 0.382557 0.515437
1e-05 1e-05 0.005115 0.086539 0.514983 0.393343
1e-05 0.911331 0.050886 0.007516 1e-05 0.030247
0.01121 0.905875 0.030173 0.005734 0.001086 0.045922
0.011171 0.911389 0.035121 1e-05 0.00778 0.034529
0.025165 0.730973 0.045993 1e-05 0.026865 0.170995
1e-05 0.780801 0.066726 0.000586 0.069214 0.082663
1e-05 0.783653 0.068718 1e-05 0.083316 0.064293
0.561829 0.038412 0.390383 0.002464 0.006902 1e-05
0.389724 0.236934 0.309419 0.019345 0.043317 0.00126
0.011997 1e-05 1e-05 0.082663 0.396019 0.509302
1e-05 1e-05 1e-05 0.101025 0.364614 0.534331
0.007544 1e-05 0.004275 0.059708 0.492857 0.435606
1e-05 0.892494 0.025391 0.014674 0.027652 0.039778
0.006829 1e-05 1e-05 1e-05 0.961837 0.031304
0.013993 1e-05 1e-05 1e-05 0.985967 1e-05
1e-05 0.055106 0.045977 1e-05 0.861481 0.037416
1e-05 0.066345 0.167112 1e-05 0.73299 0.033532
1e-05 0.079179 0.168123 1e-05 0.7218 0.030878
1e-05 1e-05 0.042475 1e-05 0.957485 1e-05
1e-05 0.93379 1e-05 1e-05 0.031887 0.034292
0.027916 0.962263 0.005964 1e-05 0.00381 3.7e-05
1e-05 0.947422 1e-05 0.014253 0.009656 0.02865
0.012238 0.961184 1e-05 0.026548 1e-05 1e-05
1e-05 0.893767 0.018292 0.021802 0.001794 0.064335
0.026309 0.871863 1e-05 0.011112 0.007864 0.082842
0.01737 0.870692 0.041413 1e-05 1e-05 0.070505
0.02467 0.674952 0.031317 0.00158 0.035427 0.232055
0.57108 1e-05 0.42888 1e-05 1e-05 1e-05
0.53062 1e-05 0.46934 1e-05 1e-05 1e-05
0.413357 1e-05 0.586603 1e-05 1e-05 1e-05
0.533867 1e-05 0.466093 1e-05 1e-05 1e-05
0.393984 1e-05 0.605976 1e-05 1e-05 1e-05
0.422662 1e-05 0.577298 1e-05 1e-05 1e-05
0.011208 1e-05 0.008993 0.003278 0.941542 0.03497
0.017655 1e-05 1e-05 1e-05 0.982305 1e-05
1e-05 0.040378 0.044573 0.006537 0.875957 0.032544
1e-05 0.083925 0.17969 1e-05 0.726489 0.009876
1e-05 0.111191 0.159166 1e-05 0.694149 0.035474
0.002055 1e-05 0.029929 1e-05 0.967986 1e-05
1e-05 1e-05 0.050977 1e-05 0.948983 1e-05
1e-05 0.007104 1e-05 0.01279 0.819983 0.160103
1e-05 1e-05 1e-05 0.092734 0.380031 0.527205
0.025599 0.898701 0.02487 0.006195 1e-05 0.044624
1e-05 0.89971 0.030857 0.008282 1e-05 0.061131
0.003677 0.93186 0.028245 1e-05 0.02545 0.010758
0.517778 1e-05 0.482182 1e-05 1e-05 1e-05
0.501477 1e-05 0.498483 1e-05 1e-05 1e-05
0.012167 0.963249 1e-05 0.010721 0.013843 1e-05
0.007304 0.961649 1e-05 0.030467 0.000561 1e-05
0.010853 0.948915 1e-05 0.016615 0.003229 0.020378
1e-05 1e-05 1e-05 0.017498 0.805537 0.176935
0.008345 1e-05 1e-05 0.087009 0.364464 0.540163
1e-05 1e-05 1e-05 0.087572 0.374456 0.537942
0.019855 0.896245 0.038419 0.003853 1e-05 0.041618
0.009926 0.925351 0.024711 1e-05 0.023648 0.016354
0.016015 0.950936 0.019009 0.001336 0.012694 1e-05
0.022819 0.914469 0.012339 0.017025 0.00011 0.033238
0.019722 0.954573 0.009332 1e-05 1e-05 0.016353
1e-05 0.945409 0.011913 0.027525 0.015133 1e-05
1e-05 0.958596 1e-05 0.008337 0.033037 1e-05
0.025787 0.874867 0.00049 0.006115 1e-05 0.092731
0.027629 0.875203 0.009936 0.018839 0.000718 0.067675
0.028467 0.881794 0.02946 0.003898 0.00535 0.051032
0.031883 0.706489 0.002606 0.004844 1e-05 0.254169
0.551317 1e-05 0.448643 1e-05 1e-05 1e-05
0.523714 1e-05 0.476246 1e-05 1e-05 1e-05
1e-05 0.86833 0.043143 0.010436 1e-05 0.078072
0.005443 0.87952 1e-05 0.018363 0.010361 0.086303
0.018753 0.899678 0.017598 0.005825 0.011419 0.046727
1e-05 0.942327 0.023467 1e-05 0.021511 0.012675
0.02246 0.921072 0.01373 1e-05 0.004862 0.037866
0.01541 0.959889 1e-05 0.010977 0.00674 0.006974
0.002189 0.948329 1e-05 0.028092 0.021371 1e-05
1e-05 0.892624 1e-05 0.016526 0.009907 0.080923
0.003629 0.726083 0.024563 1e-05 0.02889 0.216825
0.006672 0.708998 0.02524 1e-05 0.019381 0.239699
1e-05 0.792951 0.083718 1e-05 0.046559 0.076752
0.005373 0.778333 0.075721 1e-05 0.079389 0.061174
1e-05 0.795135 0.076692 0.004533 0.066063 0.057566
0.391541 1e-05 0.587518 1e-05 0.020911 1e-05
0.389795 0.01005 0.534745 0.007298 0.051761 0.006351
0.473594 0.031899 0.409588 0.040809 0.034548 0.009562
0.527223 1e-05 0.472737 1e-05 1e-05 1e-05
0.517027 1e-05 0.482933 1e-05 1e-05 1e-05
0.436189 1e-05 0.563771 1e-05 1e-05 1e-05
0.396686 1e-05 0.603274 1e-05 1e-05 1e-05
0.015663 0.049494 0.049859 1e-05 0.884964 1e-05
0.005828 0.031203 0.048897 1e-05 0.891853 0.022209
1e-05 0.326095 0.085978 1e-05 0.37371 0.214197
1e-05 1e-05 1e-05 0.975495 0.011299 0.013176
1e-05 0.013825 1e-05 0.97004 6e-04 0.015514
1e-05 1e-05 1e-05 0.983318 0.01097 0.005681
1e-05 0.66552 1e-05 0.281503 0.006458 0.046499
0.005281 0.709149 1e-05 0.236123 0.025553 0.023884
1e-05 0.736729 1e-05 0.115475 0.011086 0.136691
0.000727 0.673009 1e-05 0.17628 0.013798 0.136176
0.003538 0.659831 1e-05 0.197731 1e-05 0.138881
0.026344 0.926711 0.026363 1e-05 0.01658 0.003991
1e-05 0.936352 0.020154 0.009326 0.024316 0.009842
1e-05 0.946951 1e-05 0.030694 0.022324 1e-05
1e-05 0.947209 1e-05 0.032467 0.020294 1e-05
0.005593 0.892191 0.044335 0.004302 0.002203 0.051376
0.024414 0.869023 0.005074 0.026313 0.015724 0.059451
0.007413 0.885999 0.047234 1e-05 1e-05 0.059334
0.027715 0.664079 0.016852 1e-05 0.070039 0.221304
0.548496 1e-05 0.451464 1e-05 1e-05 1e-05
0.514882 1e-05 0.485078 1e-05 1e-05 1e-05
0.419385 1e-05 0.580575 1e-05 1e-05 1e-05
0.001523 0.801531 0.089111 0.002488 0.044651 0.060695
0.000668 0.786653 0.070541 1e-05 0.064839 0.077289
0.019903 0.914522 0.009914 0.008424 0.022448 0.02479
1e-05 0.959308 1e-05 0.016171 0.024491 1e-05
0.006644 0.971546 1e-05 0.010405 0.011385 1e-05
0.017917 0.956223 1e-05 0.02583 1e-05 1e-05
0.016928 0.883068 0.014033 0.023429 1e-05 0.062532
1e-05 0.88597 0.038238 0.006591 0.004225 0.064967
0.012718 0.898408 0.05998 0.003569 0.004905 0.020419
0.008887 0.709024 0.01827 0.014677 0.017192 0.23195
0.012506 0.720127 0.02504 0.010238 0.037966 0.194122
1e-05 0.784443 0.082226 0.003917 0.071504 0.0579
1e-05 0.758503 0.075313 1e-05 0.088015 0.07815
0.484749 0.087552 0.392129 0.01197 0.009615 0.013986
0.315385 0.058694 0.58092 0.002536 0.042456 1e-05
0.508319 0.070283 0.377456 0.019028 1e-05 0.024905
0.006189 0.015534 1e-05 0.966634 0.011623 1e-05
1e-05 1e-05 1e-05 0.998516 0.001444 1e-05
0.006715 0.680533 1e-05 0.239172 0.012065 0.061505
1e-05 0.702643 1e-05 0.245411 0.011162 0.040764
1e-05 0.764644 1e-05 0.107264 1e-05 0.128062
0.002329 0.77454 1e-05 0.096082 0.020093 0.106946
1e-05 0.002034 0.000554 0.968287 0.011524 0.017592
1e-05 1e-05 1e-05 0.99131 0.000225 0.008435
0.008435 0.648754 0.002604 0.256784 0.001829 0.081594
1e-05 0.7038 0.003535 0.138984 0.011244 0.142428
0.029437 1e-05 0.000437 0.000463 0.94367 0.025983
1e-05 1e-05 0.007481 1e-05 0.992256 0.000233
0.018953 0.006854 0.00995 0.000659 0.938906 0.024677
1e-05 0.068163 0.143878 1e-05 0.742484 0.045455
1e-05 0.122873 0.157868 1e-05 0.675332 0.043907
0.031195 1e-05 0.01742 1e-05 0.951354 1e-05
1e-05 1e-05 0.03904 1e-05 0.96092 1e-05
0.403322 1e-05 0.596638 1e-05 1e-05 1e-05
1e-05 0.666342 0.04104 0.005744 0.019354 0.267511
1e-05 0.792977 0.091905 1e-05 0.057514 0.057584
0.033685 0.740659 0.0577 1e-05 0.073617 0.094329
0.370954 0.043462 0.568299 1e-05 0.011873 0.005402
0.009644 0.701165 0.026224 0.012668 0.006103 0.244196
1e-05 0.800484 0.082999 0.007854 0.036959 0.071694
1e-05 0.763371 0.080305 0.017392 0.061893 0.077029
0.498921 0.024694 0.433069 1e-05 0.014683 0.028623
0.471094 0.100758 0.370699 0.044959 0.006985 0.005506
0.599087 1e-05 0.400873 1e-05 1e-05 1e-05
0.574794 1e-05 0.425166 1e-05 1e-05 1e-05
0.425295 1e-05 0.574665 1e-05 1e-05 1e-05
0.513009 1e-05 0.486951 1e-05 1e-05 1e-05
0.518113 1e-05 0.481847 1e-05 1e-05 1e-05
1e-05 0.006724 1e-05 0.008805 0.798891 0.18556
1e-05 1e-05 1e-05 0.088149 0.373507 0.538313
1e-05 0.907055 0.03443 0.00291 0.008462 0.047133
1e-05 0.928022 0.017817 0.012856 1e-05 0.041286
0.009085 0.951859 0.010622 0.008162 0.019499 0.000773
0.00909 0.699486 0.021937 0.021651 0.012217 0.235619
0.022078 0.794623 0.046202 1e-05 0.072442 0.064645
1e-05 0.794695 0.073375 1e-05 0.063726 0.068184
0.357548 1e-05 0.611953 1e-05 0.03047 1e-05
0.326247 1e-05 0.642544 1e-05 0.031179 1e-05
0.567651 0.010167 0.405063 0.002737 0.014373 1e-05
0.449659 0.136442 0.363637 0.023088 0.019666 0.007508
0.506831 0.073503 0.355454 0.054482 0.006425 0.003305
