1e-05 1e-05 0.987456 0.01251 1.4e-05
0.001059 1e-05 0.994106 0.004815 1e-05
0.008138 1e-05 0.991702 1e-05 0.00014
0.001024 1e-05 0.982064 0.004229 0.012674
0.008254 0.004665 0.979938 0.007133 1e-05
1e-05 0.008153 0.98738 0.004447 1e-05
1e-05 1e-05 0.99996 1e-05 1e-05
0.00178 1e-05 0.995516 1e-05 0.002684
1e-05 1e-05 0.99392 0.002501 0.003559
1e-05 1e-05 0.990067 0.009903 1e-05
1e-05 0.009568 0.986915 0.003497 1e-05
0.001618 0.015798 0.978554 0.004019 1e-05
1e-05 1e-05 0.99996 1e-05 1e-05
1e-05 1e-05 0.99996 1e-05 1e-05
1e-05 0.017638 0.969495 0.012847 1e-05
1e-05 0.007216 0.957718 0.001533 0.033523
0.006354 1e-05 0.992917 0.000708 1e-05
1e-05 0.697564 0.219644 1e-05 0.082772
1e-05 0.703178 0.267513 0.014446 0.014853
1e-05 0.67212 0.203457 1e-05 0.124403
1e-05 0.743658 0.120216 1e-05 0.136106
0.004434 0.685489 0.161684 1e-05 0.148383
1e-05 0.691219 0.141459 0.019493 0.147818
1e-05 0.769099 0.05558 1e-05 0.175301
0.001047 0.76788 0.064561 1e-05 0.166501
1e-05 0.756368 0.042057 1e-05 0.201555
1e-05 0.77892 0.045624 0.005634 0.169812
1e-05 0.723455 0.091817 0.003429 0.181289
1e-05 0.730295 0.095643 1e-05 0.174042
1e-05 0.732054 0.097696 1e-05 0.17023
0.012189 0.728821 0.111948 0.007481 0.139561
1e-05 0.713255 0.106287 0.009321 0.171127
0.019026 0.425273 1e-05 1e-05 0.555681
0.020409 0.367821 0.031748 1e-05 0.580011
0.007125 0.375729 0.019307 1e-05 0.597828
0.017267 0.452935 0.003414 0.001276 0.525108
0.060778 0.266241 0.004804 0.45201 0.216167
1e-05 1e-05 0.99996 1e-05 1e-05
0.001966 0.060894 0.926092 1e-05 0.011037
1e-05 0.68934 0.243609 0.023261 0.043781
1e-05 0.671944 0.29506 0.007146 0.025839
1e-05 0.753713 0.091945 1e-05 0.154322
1e-05 0.736147 0.141828 0.01671 0.105305
1e-05 0.692272 0.147989 1e-05 0.159719
1e-05 0.676569 0.214426 0.010522 0.098473
1e-05 0.766801 0.044921 1e-05 0.188258
0.011359 0.768829 0.050397 0.016105 0.15331
1e-05 0.76394 0.043793 1e-05 0.192247
1e-05 0.700989 0.092346 1e-05 0.206644
1e-05 0.743796 0.100932 0.003631 0.151631
1e-05 0.738671 0.080845 0.00852 0.171954
0.02585 0.454871 0.003683 0.013072 0.502524
0.006144 1e-05 0.993003 0.000833 1e-05
1e-05 1e-05 0.986167 0.005499 0.008314
1e-05 1e-05 0.983 0.002062 0.014917
1e-05 0.004266 0.988356 0.002364 0.005004
1e-05 0.011583 0.985086 1e-05 0.003311
1e-05 1e-05 0.99996 1e-05 1e-05
1e-05 1e-05 0.99996 1e-05 1e-05
1e-05 0.008905 0.958859 0.003061 0.029165
1e-05 0.726253 0.273717 1e-05 1e-05
1e-05 0.70119 0.253328 0.020316 0.025157
1e-05 0.664869 0.270473 0.029526 0.035122
1e-05 0.70137 0.099254 0.021801 0.177566
0.008136 0.739906 0.117778 1e-05 0.13417
0.00489 0.693686 0.130708 0.003795 0.16692
1e-05 0.763773 0.054298 1e-05 0.181908
1e-05 0.787761 0.041477 0.004942 0.16581
0.012716 0.765406 0.038293 0.005105 0.17848
1e-05 0.758036 0.056129 1e-05 0.185815
1e-05 0.716489 0.115506 1e-05 0.167986
1e-05 0.765804 0.098514 1e-05 0.135662
0.003423 1e-05 0.996547 1e-05 1e-05
1e-05 1e-05 0.986079 0.002423 0.011478
0.007627 1e-05 0.981672 1e-05 0.010681
0.002807 0.017941 0.976046 0.003196 1e-05
1e-05 0.006606 0.985128 0.008245 1e-05
1e-05 1e-05 0.99996 1e-05 1e-05
1e-05 1e-05 0.99996 1e-05 1e-05
1e-05 0.021887 0.955807 0.010297 0.011999
1e-05 0.709682 0.242585 0.032351 0.015371
1e-05 0.698239 0.259375 0.010392 0.031984
0.011223 0.704177 0.277893 0.006697 1e-05
0.010318 0.691139 0.131366 1e-05 0.167167
1e-05 0.688113 0.132987 0.010126 0.168764
0.000975 0.711049 0.12722 1e-05 0.160745
1e-05 0.753239 0.12531 0.012747 0.108694
1e-05 0.747568 0.063579 1e-05 0.188832
1e-05 0.740601 0.066195 1e-05 0.193184
1e-05 0.768208 0.059374 1e-05 0.172399
1e-05 0.723626 0.108489 0.003893 0.163983
1e-05 1e-05 0.995152 0.004818 1e-05
0.002957 1e-05 0.991538 0.005481 1.4e-05
0.004335 1.4e-05 0.995631 1e-05 1e-05
1e-05 1e-05 0.972696 1e-05 0.027274
1e-05 0.019706 0.976633 0.00364 1e-05
0.006489 0.010213 0.983277 1e-05 1e-05
1e-05 1e-05 0.99996 1e-05 1e-05
1e-05 0.018854 0.945193 0.015778 0.020165
1e-05 1e-05 0.99996 1e-05 1e-05
0.013203 0.007737 0.972392 0.006051 0.000617
1e-05 0.015541 0.948219 0.014709 0.021521
1e-05 0.733249 0.233111 0.028875 0.004754
1e-05 0.678124 0.255065 0.011803 0.054998
0.000458 0.688528 0.274212 0.017406 0.019395
1e-05 0.707591 0.121246 1e-05 0.171142
1e-05 0.665598 0.184946 1e-05 0.149436
1e-05 0.718218 0.171846 0.002952 0.106974
1e-05 0.767705 0.09773 0.000918 0.133637
1e-05 0.784536 0.04076 1e-05 0.174684
1e-05 0.763886 0.048495 1e-05 0.1876
1e-05 0.782026 0.03436 0.004236 0.179368
1e-05 0.719729 0.098287 1e-05 0.181965
1e-05 0.722629 0.10791 1e-05 0.169441
1e-05 0.004161 0.995809 1e-05 1e-05
0.000307 1e-05 0.999663 1e-05 1e-05
0.000751 1e-05 0.991244 1e-05 0.007985
1e-05 0.010365 0.989605 1e-05 1e-05
1e-05 1e-05 0.99996 1e-05 1e-05
1e-05 1e-05 0.99996 1e-05 1e-05
1e-05 1.6e-05 0.999954 1e-05 1e-05
1e-05 0.093702 0.877664 0.022184 0.006439
1e-05 1e-05 0.990412 0.00396 0.005608
1e-05 0.657139 0.277808 0.017485 0.047558
1e-05 0.673687 0.27074 0.000696 0.054868
1e-05 0.692479 0.267064 0.021508 0.018939
1e-05 0.744052 0.097843 0.011023 0.147072
1e-05 0.707453 0.119869 0.002583 0.170085
1e-05 0.715516 0.13163 0.007338 0.145506
1e-05 0.75677 0.10361 0.002358 0.137251
1e-05 0.756216 0.033162 0.013442 0.19717
1e-05 0.770629 0.04117 1e-05 0.188181
1e-05 0.752503 0.069573 1e-05 0.177904
1e-05 0.761353 0.036559 1e-05 0.202068
1e-05 0.705232 0.144982 1e-05 0.149766
1e-05 0.613524 0.210379 0.016444 0.159642
1e-05 1e-05 0.99996 1e-05 1e-05
0.006839 1e-05 0.989158 1e-05 0.003983
1e-05 1e-05 0.99996 1e-05 1e-05
0.003209 1e-05 0.975212 1e-05 0.021559
0.003517 0.003488 0.992975 1e-05 1e-05
1e-05 0.010913 0.979368 0.009698 1e-05
1e-05 1e-05 0.99996 1e-05 1e-05
1e-05 0.088754 0.880221 0.014005 0.01701
1e-05 1.3e-05 0.993897 0.005556 0.000524
1e-05 0.656713 0.303163 0.013018 0.027096
1e-05 0.690155 0.248246 0.010267 0.051322
1e-05 0.702016 0.140042 1e-05 0.157922
1e-05 0.658802 0.198121 0.006132 0.136935
1e-05 0.762134 0.113503 0.005775 0.118577
1e-05 0.783009 0.060348 1e-05 0.156623
1e-05 0.760298 0.046729 0.010602 0.182361
1e-05 0.760608 0.055098 1e-05 0.184274
1e-05 0.768832 0.049327 1e-05 0.181821
0.003576 0.729157 0.094812 0.015451 0.157004
0.000633 1e-05 0.999337 1e-05 1e-05
0.002098 1e-05 0.988354 0.004537 0.005001
0.010878 1e-05 0.986999 0.002103 1e-05
0.00238 1e-05 0.97363 0.014625 0.009355
0.001377 0.010032 0.982766 1e-05 0.005814
1e-05 1e-05 0.99996 1e-05 1e-05
1e-05 0.009097 0.984921 0.001392 0.004579
1e-05 0.672061 0.293433 0.02482 0.009676
1e-05 0.717805 0.12797 0.010978 0.143238
1e-05 0.751599 0.126727 1e-05 0.121654
1e-05 0.740803 0.118701 1e-05 0.140476
1e-05 0.722697 0.120403 0.006655 0.150235
0.002078 0.72824 0.101797 0.007532 0.160353
1e-05 0.759306 0.054956 1e-05 0.185717
1e-05 0.756573 0.057174 1e-05 0.186234
1e-05 0.709216 0.114755 0.007951 0.168067
0.002054 1e-05 0.992282 0.003748 0.001906
0.007221 1e-05 0.992749 1e-05 1e-05
1e-05 0.007848 0.992114 1.8e-05 1e-05
1e-05 0.021776 0.968005 0.005877 0.004332
1e-05 1e-05 0.99996 1e-05 1e-05
1e-05 0.728025 0.098355 1.3e-05 0.173596
1e-05 0.753386 0.0622 1e-05 0.184394
1e-05 0.721419 0.093903 1e-05 0.184658
1e-05 0.765572 0.054866 1e-05 0.179543
1e-05 0.779361 0.051009 0.000913 0.168707
0.00047 0.728149 0.106689 1e-05 0.164682
1e-05 0.747561 0.102901 0.015582 0.133946
1e-05 0.726832 0.097253 0.017664 0.158242
1e-05 0.705094 0.098746 1e-05 0.19614
0.017558 0.425642 0.020671 0.007035 0.529094
0.017489 0.433985 1e-05 1e-05 0.548505
0.01269 0.427196 0.022575 1e-05 0.537529
0.006612 0.432627 0.015901 1e-05 0.544851
0.006436 0.39394 0.031413 1e-05 0.568201
1e-05 1e-05 0.99996 1e-05 1e-05
1e-05 1e-05 0.994156 0.005814 1e-05
1e-05 1e-05 0.977597 0.01108 0.011303
1e-05 0.006479 0.98548 0.003543 0.004488
1e-05 0.006927 0.984649 1e-05 0.008405
1e-05 1e-05 0.99996 1e-05 1e-05
1e-05 1e-05 0.99996 1e-05 1e-05
1e-05 0.743363 0.098819 0.007991 0.149818
0.000616 0.697814 0.106749 0.000945 0.193876
1e-05 0.776832 0.067836 0.00886 0.146463
0.003957 0.769095 0.06329 0.003111 0.160547
1e-05 0.777901 0.041447 1e-05 0.180632
1e-05 0.771572 0.02872 1e-05 0.199688
1e-05 0.71877 0.100834 0.000826 0.17956
1e-05 0.73618 0.087297 0.004716 0.171797
1e-05 0.669915 0.187137 0.014222 0.128716
0.008735 0.424644 0.027931 0.004976 0.533714
0.011017 0.483711 0.010288 1e-05 0.494975
0.045431 0.286226 1e-05 0.465089 0.203244
0.00026 1e-05 0.977112 0.003528 0.01909
1e-05 1e-05 0.991194 1e-05 0.008776
0.004268 0.012566 0.983146 1e-05 1e-05
1e-05 1e-05 0.99996 1e-05 1e-05
0.002974 0.719082 0.117889 1e-05 0.160045
1e-05 0.746997 0.102033 1e-05 0.150949
0.003626 0.762861 0.05067 1e-05 0.182833
0.005585 0.777617 0.044615 1e-05 0.172173
0.007379 0.779381 0.036187 0.003472 0.173581
1e-05 0.699155 0.156471 1e-05 0.144353
1e-05 0.775147 0.055145 1e-05 0.169688
1e-05 0.67705 0.139926 1e-05 0.183004
0.021624 0.445831 1e-05 1e-05 0.532525
0.018791 0.40787 0.016304 1e-05 0.557025
0.020127 0.335526 0.003542 0.011369 0.629435
0.009233 0.439835 0.053827 1e-05 0.497095
0.046972 0.337582 1e-05 0.358773 0.256664
1e-05 0.692193 0.129108 0.021059 0.157629
0.000102 1e-05 0.990652 0.004061 0.005175
0.003215 0.006387 0.986667 0.000877 0.002854
1e-05 1e-05 0.99996 1e-05 1e-05
0.000311 0.003077 0.995337 0.001266 1e-05
1e-05 0.663515 0.271872 0.011344 0.053259
1e-05 0.614051 0.342113 0.014444 0.029382
1e-05 0.766717 0.086284 1e-05 0.146979
1e-05 0.702364 0.14648 0.005515 0.145631
1e-05 0.771514 0.0493 0.001866 0.17731
1e-05 0.76688 0.050353 0.014417 0.16834
1e-05 0.772162 0.064866 1e-05 0.162952
0.017475 0.711613 0.100233 1e-05 0.170669
1e-05 0.692318 0.147882 0.003468 0.156322
1e-05 0.427728 0.017777 1e-05 0.554476
0.002881 0.347407 0.049694 0.004513 0.595505
0.016168 0.435411 0.02033 1e-05 0.528081
0.01753 0.443287 0.016913 1e-05 0.52226
0.004988 0.704231 0.117823 8.9e-05 0.17287
1e-05 0.746362 0.092281 1e-05 0.161338
1e-05 0.680241 0.175281 1e-05 0.144458
0.006192 0.412479 0.021853 1e-05 0.559467
0.01972 0.460967 0.008351 0.003257 0.507706
0.005337 0.492879 0.022411 1e-05 0.479363
0.0398 0.45005 0.014221 1e-05 0.495919
0.040972 0.324475 1e-05 0.428658 0.205886
0.03838 0.314947 1e-05 0.399318 0.247345
0.000924 0.461122 0.029884 1e-05 0.50806
0.010071 0.485844 0.036864 1e-05 0.467212
0.024719 0.294582 0.058821 1e-05 0.621868
0.021779 0.326989 1e-05 0.021997 0.629225
0.02141 0.320434 1e-05 0.029196 0.62895
0.036143 0.365858 1e-05 0.024171 0.573818
0.0188 0.399968 0.02302 0.006632 0.551579
0.028713 0.384224 1e-05 0.019064 0.567989
0.029921 0.314561 1e-05 0.106551 0.548957
0.039912 0.327352 1e-05 0.078673 0.554054
1e-05 1e-05 1e-05 0.99996 1e-05
0.002533 1e-05 1e-05 0.975456 0.021991
0.005594 1e-05 1e-05 0.987588 0.006799
0.009371 0.0129 0.008026 0.954961 0.014742
1e-05 0.712395 0.116566 1e-05 0.171019
1e-05 0.72451 0.115276 1e-05 0.160194
1e-05 0.715455 0.102598 0.010554 0.171383
0.027832 0.42324 0.033898 0.013968 0.501061
0.027142 0.444237 0.041025 1e-05 0.487586
0.005297 0.443333 0.011686 1e-05 0.539674
0.00613 0.372618 0.029341 1e-05 0.591901
0.04181 0.315774 0.006864 0.438997 0.196554
1e-05 0.474032 0.014503 1e-05 0.511446
1e-05 0.476304 0.052307 1e-05 0.471369
0.007757 0.281858 0.047781 0.031595 0.631009
0.033774 0.314308 1e-05 0.015623 0.636285
0.023809 0.416221 0.001846 0.027802 0.530323
0.001917 0.289302 0.027691 0.044057 0.637033
0.043168 0.364762 0.016728 0.011845 0.563498
0.041437 0.397305 0.008687 1e-05 0.552561
0.048072 0.2698 0.006717 0.108769 0.566642
0.029893 0.32109 0.005778 0.131452 0.511787
0.007462 1e-05 1e-05 0.992508 1e-05
1e-05 1e-05 1e-05 0.99996 1e-05
1e-05 1e-05 1e-05 0.99996 1e-05
0.006713 0.020525 1e-05 0.971464 0.001288
1e-05 0.694296 0.140493 1e-05 0.165191
0.002256 0.715641 0.100844 0.004224 0.177035
1e-05 0.730479 0.097146 1e-05 0.172355
0.01233 0.408874 0.057284 1e-05 0.521503
0.010129 0.429109 0.014045 1e-05 0.546708
0.017644 0.449439 0.019559 0.041219 0.472139
1e-05 0.377421 0.019679 0.017128 0.585762
0.05043 0.288656 0.017723 0.443098 0.200094
0.047434 0.280252 1e-05 0.457935 0.21437
0.011572 0.431127 0.091565 1e-05 0.465725
0.004316 0.310561 0.09129 0.011814 0.582019
0.012148 0.265073 0.005466 0.023999 0.693313
0.016866 0.349411 1e-05 0.027831 0.605882
0.028982 0.459333 0.011382 0.041996 0.458307
0.028398 0.26214 1e-05 0.033151 0.676301
0.01249 0.432261 0.023889 1e-05 0.53135
0.034453 0.392883 0.003024 0.008491 0.561148
0.034999 0.37717 0.006047 0.000706 0.581079
0.011791 0.316482 0.002956 0.102234 0.566537
0.034602 0.315861 0.007427 0.116623 0.525487
1e-05 1e-05 1e-05 0.99996 1e-05
1e-05 1e-05 1e-05 0.99996 1e-05
1e-05 1e-05 1e-05 0.99996 1e-05
1e-05 0.018983 1e-05 0.978635 0.002362
1e-05 0.721639 0.113769 1e-05 0.164572
0.013729 0.436618 0.064874 1e-05 0.484769
0.023219 0.177398 1e-05 0.061057 0.738317
0.034309 0.374143 0.018403 0.0029 0.570244
0.033398 0.305141 0.005907 0.412353 0.243202
1e-05 0.743136 0.087897 0.015907 0.153049
0.064244 0.282435 0.004906 0.429622 0.218794
0.013594 0.444366 0.025223 1e-05 0.516808
0.008565 0.288904 0.013948 0.032671 0.655912
0.011688 0.293988 1e-05 0.026712 0.667602
0.032585 0.364879 1e-05 0.020228 0.582297
0.028533 0.402017 0.007536 0.01058 0.551334
0.014374 0.388422 1e-05 1e-05 0.597184
0.044726 0.37803 0.008566 0.00819 0.560488
0.046141 0.372363 0.013851 1e-05 0.567636
0.035441 0.302487 0.007033 0.116709 0.53833
0.026894 0.339727 0.008262 0.108812 0.516304
1e-05 1e-05 1e-05 0.987826 0.012144
1e-05 1e-05 1e-05 0.999209 0.000761
0.007073 1e-05 1e-05 0.992897 1e-05
0.010681 0.00843 1e-05 0.962107 0.018771
1e-05 0.00031 0.993722 0.003975 0.001983
1e-05 1e-05 1e-05 0.99996 1e-05
0.025972 1e-05 0.001823 0.959473 0.012722
1e-05 1e-05 1e-05 0.99996 1e-05
0.057187 0.026081 1e-05 0.913805 0.002917
0.041006 0.030666 0.004745 0.914755 0.008828
0.064686 0.018075 0.00245 0.914779 1e-05
0.031858 0.020581 1e-05 0.939783 0.007767
0.054645 0.278855 0.011463 0.488805 0.166232
1e-05 1e-05 0.003885 0.994815 0.00128
0.009953 1e-05 1e-05 0.990017 1e-05
0.063542 0.02709 1e-05 0.870213 0.039145
0.062826 0.036252 1e-05 0.89518 0.005732
0.04796 0.048108 1e-05 0.90064 0.003282
0.057553 0.315695 0.00204 0.450401 0.174311
1e-05 1e-05 0.00269 0.99304 0.004249
0.013703 1e-05 0.001836 0.978841 0.00561
0.008577 1e-05 1e-05 0.989098 0.002305
0.048855 0.030732 0.00383 0.886485 0.030098
0.038345 0.029315 1e-05 0.911528 0.020802
0.042426 0.005245 1e-05 0.950916 0.001402
0.044846 0.046175 1e-05 0.8793 0.02967
0.042263 0.266652 1e-05 0.514265 0.17681
1e-05 0.705165 0.10108 1e-05 0.193735
1e-05 0.744882 0.097196 1e-05 0.157901
1e-05 0.468685 0.024366 1e-05 0.506928
0.015316 0.399533 0.048697 1e-05 0.536443
0.015952 0.42338 0.005768 1e-05 0.554891
0.004806 0.449085 0.014423 0.000561 0.531126
0.003357 0.375619 0.038254 1e-05 0.58276
0.06959 0.257845 0.011972 0.486376 0.174216
0.03908 0.269827 0.003062 0.457136 0.230894
0.004075 0.454064 0.032129 1e-05 0.509721
0.000778 0.455721 0.08044 0.002606 0.460455
0.038432 0.3287 1e-05 0.0152 0.617659
0.027732 0.395614 0.008285 0.032233 0.536136
0.031946 0.393337 0.003949 1e-05 0.570758
0.04042 0.406234 1e-05 0.005532 0.547805
0.035954 0.389985 1e-05 1e-05 0.574041
0.020729 0.246943 1e-05 0.114274 0.618044
0.037102 0.294766 1e-05 0.106966 0.561155
1e-05 1e-05 1e-05 0.99996 1e-05
0.00248 1e-05 1e-05 0.99749 1e-05
1e-05 1e-05 1e-05 0.99996 1e-05
1e-05 0.03813 0.004722 0.948235 0.008902
0.055102 0.267896 1e-05 0.461356 0.215635
0.03779 0.420075 0.018725 0.233952 0.289458
0.019455 0.319854 0.052789 0.019014 0.588888
0.024347 0.442843 0.017777 1e-05 0.515022
0.038685 0.30022 0.017043 0.007267 0.636785
0.025315 0.368427 0.002676 0.002698 0.600883
0.020152 0.353656 0.004989 0.047023 0.574181
0.028632 0.40562 0.012908 0.015988 0.536852
0.023246 0.413841 1e-05 0.012724 0.550178
0.026649 0.351776 1e-05 1e-05 0.621555
0.038295 0.286188 1e-05 0.118654 0.556852
0.031041 0.294803 0.010322 0.109819 0.554014
0.006386 0.010079 1e-05 0.983515 1e-05
1e-05 1e-05 1e-05 0.99996 1e-05
0.002418 0.016584 0.012193 0.949532 0.019273
0.000625 1e-05 0.000497 0.998858 1e-05
0.026433 1e-05 1e-05 0.945908 0.027639
1e-05 1e-05 1e-05 0.99996 1e-05
0.066211 0.022382 1e-05 0.900834 0.010564
0.052695 0.039428 1e-05 0.907857 1e-05
0.039311 0.027116 0.010368 0.917843 0.005362
0.056814 0.292466 1e-05 0.444822 0.205889
0.070272 0.27723 0.005529 0.435675 0.211294
1e-05 0.430219 0.041212 1e-05 0.528549
0.023639 0.437407 0.025927 1e-05 0.513017
0.022235 0.288313 0.001537 0.05148 0.636435
0.0151 0.279146 0.015515 0.038375 0.651864
0.045317 0.362667 1e-05 1e-05 0.591996
0.045152 0.33976 1e-05 0.027871 0.587207
0.020029 0.372949 0.003808 1e-05 0.603204
0.014577 0.411039 1e-05 1e-05 0.574364
0.049357 0.316188 0.001663 0.101343 0.531449
0.013551 1e-05 1e-05 0.978221 0.008208
1e-05 1e-05 1e-05 0.99996 1e-05
1e-05 1e-05 1e-05 0.998577 0.001393
0.023425 0.023222 1e-05 0.951341 0.002001
1e-05 1e-05 1e-05 0.99996 1e-05
0.027504 1e-05 1e-05 0.929552 0.042924
1e-05 1e-05 1e-05 0.99996 1e-05
0.056103 0.023303 0.004655 0.915929 1e-05
0.044168 0.00758 0.001488 0.910945 0.035819
0.031948 0.012234 0.000399 0.944776 0.010643
0.070358 0.256801 1e-05 0.530788 0.142043
0.017576 0.434705 0.062128 1e-05 0.485581
0.009372 0.411186 0.050205 0.004375 0.524862
0.008615 0.37533 0.028301 0.015987 0.571767
0.028559 0.323082 1e-05 0.039819 0.60853
0.018088 0.325414 1e-05 0.00382 0.652668
0.034774 0.427009 1e-05 0.029992 0.508215
0.007907 0.426459 0.014675 1e-05 0.550949
0.043185 0.38556 0.000204 0.013988 0.557063
0.015948 0.399672 1e-05 1e-05 0.584359
0.018577 0.305872 1e-05 0.111938 0.563603
0.050555 0.266553 0.00239 0.102604 0.577897
0.000457 0.006497 1e-05 0.976023 0.017014
1e-05 1e-05 1e-05 0.99996 1e-05
0.000669 1e-05 0.004045 0.994683 0.000592
0.032018 0.009973 1e-05 0.932965 0.025034
0.005521 0.001385 1e-05 0.993073 1e-05
0.022216 0.001374 1e-05 0.953154 0.023246
1e-05 1e-05 1e-05 0.99996 1e-05
0.10167 0.012383 1e-05 0.868545 0.017391
0.03428 0.045983 0.003144 0.916583 1e-05
0.036557 0.087293 0.004834 0.860492 0.010825
0.05193 0.343657 1e-05 0.383248 0.221155
0.053465 0.270879 1e-05 0.403548 0.272098
0.011662 0.413751 0.06121 1e-05 0.513367
0.006509 0.432402 0.051127 1e-05 0.509952
0.030224 0.312738 0.015045 0.005237 0.636756
0.033533 0.229742 0.013555 1e-05 0.723159
0.037609 0.419307 0.010708 0.003667 0.52871
0.036394 0.438084 0.005001 0.011513 0.509008
0.039745 0.386286 1e-05 0.000359 0.5736
0.026619 0.41575 1e-05 1e-05 0.557611
0.033667 0.397503 0.000943 0.008953 0.558934
0.049326 0.312753 0.007279 0.107738 0.522905
0.032495 0.300082 0.00518 0.088221 0.574022
0.019757 1e-05 0.003219 0.977004 1e-05
0.007462 0.007768 1e-05 0.982061 0.002699
0.006974 1e-05 1e-05 0.992996 1e-05
0.016782 0.019095 1e-05 0.958565 0.005548
0.013005 1e-05 1e-05 0.986965 1e-05
1e-05 1e-05 1e-05 0.99996 1e-05
0.043832 0.034456 1e-05 0.919364 0.002339
0.05052 0.019833 1e-05 0.909021 0.020616
0.040183 0.047002 1e-05 0.897289 0.015516
0.058118 1e-05 1e-05 0.938473 0.003388
1e-05 1e-05 1e-05 0.973442 0.026528
0.045317 0.291265 0.019608 0.458701 0.185109
0.006818 0.416638 0.016099 1e-05 0.560434
0.005823 0.354867 0.004999 0.040424 0.593886
0.061175 0.387925 1e-05 0.017241 0.533649
0.039153 0.393086 0.002423 0.012281 0.553058
0.052803 0.320688 0.002658 0.095936 0.527916
0.033862 0.300716 1e-05 0.10301 0.562401
1e-05 1e-05 1e-05 0.99996 1e-05
1e-05 1e-05 1e-05 0.99996 1e-05
1e-05 1e-05 1e-05 0.99996 1e-05
1e-05 1e-05 1e-05 0.99996 1e-05
0.009149 0.441971 0.036256 1e-05 0.512614
0.019524 1e-05 1e-05 0.9675 0.012956
1e-05 1e-05 1e-05 0.99996 1e-05
0.075276 0.039487 1e-05 0.884404 0.000822
0.064088 0.029523 1e-05 0.899185 0.007194
0.068668 0.020772 0.000373 0.910177 1e-05
0.037658 0.345239 1e-05 0.373691 0.243403
1e-05 1e-05 1e-05 0.983601 0.016369
0.014394 0.407501 0.068496 1e-05 0.509599
1e-05 0.461815 0.02306 1e-05 0.515106
1e-05 0.283294 0.078987 0.018525 0.619183
0.028467 0.328251 0.002266 0.028219 0.612796
0.03725 0.404796 0.013024 0.026218 0.518711
0.008396 0.38445 1e-05 0.021213 0.585931
1e-05 0.456215 0.058169 1e-05 0.485597
0.013824 0.292613 0.019871 0.021559 0.652133
0.031097 0.396662 0.01462 0.030053 0.527568
0.018416 0.376847 0.00263 0.051109 0.550999
0.002375 1e-05 0.000371 0.997234 1e-05
0.073659 0.014255 0.000998 0.906417 0.004672
0.01248 1e-05 1e-05 0.95305 0.034449
1e-05 1e-05 1e-05 0.998873 0.001097
0.061542 0.040373 1e-05 0.88168 0.016395
0.034738 0.039693 0.001883 0.91784 0.005845
0.036987 0.208354 0.004663 0.725957 0.024038
0.05527 0.31361 0.001682 0.447445 0.181993
0.008342 1e-05 1e-05 0.971936 0.019701
0.034609 0.394458 1e-05 0.019559 0.551364
0.044978 0.269146 0.01318 0.104777 0.567919
0.02297 0.29294 1e-05 0.111394 0.572687
0.03744 0.307529 1e-05 0.101023 0.553999
1e-05 1e-05 1e-05 0.99996 1e-05
1e-05 1e-05 1e-05 0.99996 1e-05
0.004791 1e-05 1e-05 0.994024 0.001164
0.003176 1e-05 0.000278 0.996526 1e-05
0.006541 1e-05 1e-05 0.970035 0.023404
0.072939 0.022605 0.001399 0.897849 0.005208
0.038375 0.0468 1e-05 0.901156 0.013659
0.034697 0.059257 1e-05 0.905348 0.000688
0.045349 0.019024 0.003415 0.92198 0.010233
0.027717 0.022268 1e-05 0.939279 0.010726
1e-05 1e-05 1e-05 0.982668 0.017302
0.011999 1e-05 0.006976 0.981005 1e-05
0.005832 1e-05 1e-05 0.994138 1e-05
0.067092 0.032731 1e-05 0.89989 0.000277
0.032841 0.034254 1e-05 0.906394 0.026501
0.051968 0.010928 0.015185 0.916463 0.005456
0.036949 0.328708 0.012725 0.421711 0.199907
1e-05 1e-05 0.00594 0.992628 0.001412
1e-05 1e-05 1e-05 0.996613 0.003357
1e-05 0.00276 0.006996 0.977066 0.013167
1e-05 1e-05 1e-05 0.99996 1e-05
0.024934 0.033697 0.011417 0.875551 0.0544
0.095968 0.079555 4.6e-05 0.779177 0.045255
0.09309 0.143946 1e-05 0.733767 0.029187
1e-05 1e-05 1e-05 0.99996 1e-05
0.013402 1e-05 1e-05 0.986568 1e-05
0.030871 1e-05 1e-05 0.969099 1e-05
1e-05 1e-05 0.011668 0.962031 0.026281
0.002911 1e-05 0.084497 0.366725 0.545858
0.001695 1e-05 0.081752 0.371006 0.545537
1e-05 1e-05 0.085772 0.523186 0.391022
1e-05 1e-05 0.075499 0.513317 0.411164
0.016713 0.923156 0.000821 0.008741 0.050569
0.031448 0.8994 1e-05 0.018147 0.050995
0.018415 0.967143 0.009626 0.004805 1e-05
0.023286 0.964476 0.002725 1e-05 0.009504
0.002013 0.956408 0.025145 0.014472 0.00196
1e-05 0.957606 0.021413 0.006815 0.014155
1e-05 0.928242 0.03323 0.007973 0.030545
0.00083 0.906356 0.004688 0.030067 0.058059
0.048916 0.908556 1e-05 1e-05 0.042508
0.026944 0.917669 1e-05 0.007428 0.04795
1e-05 1e-05 1e-05 0.988493 0.011477
0.005378 1e-05 0.003357 0.991245 1e-05
0.051804 0.058212 0.003314 0.853908 0.032762
0.078222 0.113548 1e-05 0.777134 0.031086
0.016385 1e-05 1e-05 0.983585 1e-05
0.007819 1e-05 1e-05 0.992151 1e-05
0.007597 1e-05 0.004679 0.821052 0.166663
1e-05 1e-05 0.109541 0.380963 0.509477
1e-05 1e-05 0.093209 0.387787 0.518985
1e-05 1e-05 0.079752 0.514844 0.405384
0.019443 0.917751 1e-05 0.011914 0.050883
0.030665 0.901552 1e-05 0.011683 0.05609
0.075139 0.022239 1e-05 0.89866 0.003952
0.014562 0.957803 0.002499 0.025126 1e-05
0.012027 0.942772 1e-05 0.009864 0.035328
0.01703 0.953218 0.020137 0.007696 0.001918
1e-05 0.952488 0.028537 0.018955 1e-05
1e-05 0.970178 0.029792 1e-05 1e-05
0.009558 0.922835 0.00371 0.021844 0.042053
0.018625 0.90358 0.002617 0.017011 0.058166
0.015251 0.903552 1e-05 0.022423 0.058764
1e-05 1e-05 1e-05 0.986 0.01397
0.004383 0.006032 1e-05 0.961666 0.02791
0.029532 0.028916 1e-05 0.916294 0.025247
0.096868 0.133618 1e-05 0.744666 0.024838
0.094635 0.066929 1e-05 0.797726 0.040701
0.026247 1e-05 1e-05 0.973723 1e-05
0.014398 1e-05 1e-05 0.984833 0.000749
0.01019 1e-05 0.002032 0.987759 1e-05
0.003612 0.008808 0.015166 0.876747 0.095668
1e-05 1e-05 0.094768 0.389374 0.515838
0.007745 1e-05 0.062386 0.498267 0.431591
0.025725 0.90387 1e-05 1e-05 0.070384
0.021179 0.901279 0.01211 0.016032 0.049401
0.03923 0.892165 1e-05 0.008208 0.060387
0.023015 0.94274 0.005214 0.029021 1e-05
0.02732 0.935753 1e-05 0.036907 1e-05
1e-05 0.968265 0.029427 0.002288 1e-05
1e-05 0.965933 0.012144 0.021904 1e-05
0.015633 0.907133 1e-05 0.028959 0.048266
0.027241 0.884836 0.013587 1e-05 0.074326
0.036533 0.895497 1e-05 0.002105 0.065854
0.041747 0.883465 1e-05 0.008948 0.06583
0.002587 1e-05 0.001018 0.971811 0.024574
0.004259 1e-05 0.004218 0.972219 0.019293
0.017235 1e-05 1e-05 0.94304 0.039705
0.029339 0.067831 0.00417 0.858413 0.040247
0.061409 0.091897 1e-05 0.793339 0.053345
0.013146 1e-05 1e-05 0.986824 1e-05
0.027494 1e-05 0.003107 0.969379 1e-05
0.014869 1e-05 1e-05 0.985101 1e-05
0.005645 0.013026 0.011296 0.784304 0.185729
1e-05 1e-05 0.091661 0.369758 0.538561
1e-05 1e-05 0.076837 0.50554 0.417603
0.022282 0.899314 0.000199 0.013303 0.064902
0.006952 0.918968 0.007335 0.0188 0.047945
1e-05 0.891158 0.013015 0.009939 0.085877
0.040451 0.357831 0.002081 0.115079 0.484558
0.054632 0.291659 1e-05 0.078125 0.575574
0.021006 0.010917 1e-05 0.964032 0.004036
1e-05 1e-05 1e-05 0.99996 1e-05
0.012057 0.013636 0.006816 0.961402 0.006089
1e-05 0.702953 0.109757 1e-05 0.187271
0.001828 1e-05 0.00866 0.989492 1e-05
0.002635 1e-05 1e-05 0.997335 1e-05
0.009627 0.008912 0.000254 0.970099 0.011108
0.024271 0.059328 0.001936 0.872908 0.041557
0.09461 0.171435 0.001865 0.700643 0.031447
0.096506 0.06591 0.005295 0.78416 0.048129
0.019319 1e-05 1e-05 0.980651 1e-05
0.019938 1e-05 1e-05 0.980032 1e-05
0.029754 1e-05 1e-05 0.970216 1e-05
1e-05 1e-05 0.011716 0.89915 0.089114
1e-05 1e-05 0.095975 0.352799 0.551206
1e-05 1e-05 0.079718 0.515299 0.404964
1e-05 1e-05 0.063314 0.498946 0.43772
0.03727 0.893107 0.006447 1e-05 0.063166
0.040961 0.909285 0.004289 1e-05 0.045455
0.03817 0.902466 1e-05 0.012995 0.04636
1e-05 1e-05 1e-05 0.99996 1e-05
0.008781 1e-05 0.006804 0.954816 0.029589
0.126674 0.086291 1e-05 0.76174 0.025286
0.089214 0.05617 1e-05 0.791757 0.06285
0.00692 1e-05 1e-05 0.99305 1e-05
0.014833 1e-05 1e-05 0.96796 0.017187
1e-05 1e-05 1e-05 0.99996 1e-05
0.007265 0.001785 1e-05 0.967987 0.022952
0.014957 0.03819 1e-05 0.907309 0.039534
0.103805 0.066084 1e-05 0.792653 0.037448
0.087317 0.075068 0.006832 0.805782 0.025001
0.021536 1e-05 1e-05 0.978434 1e-05
0.018182 1e-05 1e-05 0.981788 1e-05
0.025469 1e-05 1e-05 0.974501 1e-05
1e-05 0.0081 0.010073 0.834045 0.147772
1e-05 1e-05 0.080463 0.382765 0.536752
1e-05 1e-05 0.066447 0.520701 0.412833
0.027952 0.875684 0.005638 1e-05 0.090716
0.019259 0.901809 1e-05 0.020132 0.05879
0.005744 0.896289 0.006971 0.015711 0.075285
0.009848 0.965165 1e-05 0.024968 1e-05
0.002296 0.959318 0.016015 0.022361 1e-05
0.001051 0.971063 0.016034 0.011842 1e-05
0.019344 0.908687 1e-05 0.019997 0.051962
0.01907 0.839857 0.02428 0.011102 0.105692
0.027729 0.886814 1e-05 0.009653 0.075793
0.026369 0.704709 1e-05 0.035111 0.233801
0.014637 0.421884 0.004973 0.003766 0.55474
0.010607 1e-05 0.008649 0.94493 0.035803
1e-05 1e-05 0.001102 0.998868 1e-05
0.01172 1e-05 1e-05 0.963207 0.025053
0.034392 0.078112 0.002449 0.881999 0.003048
0.099159 0.113087 0.005472 0.770992 0.01129
0.095199 0.122246 1e-05 0.736999 0.045546
0.000749 1e-05 0.007253 0.991978 1e-05
0.01948 1e-05 1e-05 0.98049 1e-05
0.022282 1e-05 1e-05 0.977451 0.000247
1e-05 1e-05 0.100417 0.380325 0.519238
1e-05 1e-05 0.085995 0.517552 0.396433
0.03317 0.919828 0.00753 6e-04 0.038872
0.024729 0.91434 0.005848 0.0039 0.051183
0.02844 0.919791 1e-05 0.01225 0.039508
0.05137 0.739035 1e-05 0.033171 0.176415
0.028787 0.793549 0.001426 0.08606 0.090177
0.041361 0.793995 1e-05 0.093814 0.070819
0.897946 0.04326 0.004607 0.051264 0.002923
0.650653 0.249012 0.019566 0.075444 0.005325
1e-05 1e-05 0.08284 0.400349 0.516791
1e-05 1e-05 0.100175 0.361732 0.538073
0.000917 1e-05 0.060073 0.497839 0.441161
1e-05 0.902737 0.015576 0.036206 0.045472
1e-05 1e-05 1e-05 0.970114 0.029856
0.006448 1e-05 1e-05 0.993522 1e-05
0.020707 0.056375 1e-05 0.880987 0.041921
0.103985 0.074078 1e-05 0.779846 0.042081
0.114633 0.086715 1e-05 0.761665 0.036976
0.023792 1e-05 1e-05 0.973232 0.002956
1e-05 0.937964 1e-05 0.025866 0.03615
0.022883 0.970202 1e-05 0.004571 0.002334
1e-05 0.951984 0.013922 0.002438 0.031646
0.00105 0.971355 0.027575 1e-05 1e-05
0.002967 0.901861 0.022077 0.004343 0.068752
0.016326 0.878742 0.011253 0.006655 0.087023
0.041718 0.879911 1e-05 1e-05 0.078351
0.038968 0.681516 0.001907 0.039336 0.238273
0.975673 1e-05 1e-05 0.024297 1e-05
0.971717 1e-05 1e-05 0.028253 1e-05
0.984232 1e-05 1e-05 0.015738 1e-05
0.978887 1e-05 1e-05 0.021083 1e-05
0.993389 1e-05 1e-05 0.006581 1e-05
0.979539 1e-05 1e-05 0.020431 1e-05
0.007883 1e-05 0.004278 0.951016 0.036813
0.006975 1e-05 1e-05 0.992995 1e-05
0.02258 0.041767 0.007462 0.892624 0.035566
0.107123 0.095397 1e-05 0.781355 0.016115
0.103156 0.118355 1e-05 0.735125 0.043355
0.015418 1e-05 1e-05 0.984552 1e-05
0.018839 1e-05 1e-05 0.981131 1e-05
1e-05 0.007 0.012513 0.820725 0.159751
1e-05 1e-05 0.09207 0.376862 0.531049
0.03685 0.905774 0.006883 1e-05 0.050484
0.01149 0.909325 0.00877 0.001536 0.068879
0.015289 0.940388 1e-05 0.029099 0.015214
0.970393 1e-05 1e-05 0.029577 1e-05
0.981983 1e-05 1e-05 0.017987 1e-05
0.001203 0.972839 0.011646 0.014302 1e-05
1e-05 0.968402 0.031568 1e-05 1e-05
1e-05 0.956669 0.01677 0.002429 0.024122
1e-05 1e-05 0.016805 0.806143 0.177032
1e-05 1e-05 0.087073 0.365944 0.546963
1e-05 1e-05 0.086962 0.371104 0.541914
0.042548 0.90565 0.004055 1e-05 0.047736
0.018942 0.933763 1e-05 0.026404 0.020881
0.020376 0.961685 0.002178 0.015751 1e-05
0.022419 0.922434 0.017269 0.001243 0.036636
0.016726 0.962488 1e-05 1e-05 0.020767
1e-05 0.954655 0.028239 0.017086 1e-05
1e-05 0.96534 0.008267 0.026373 1e-05
0.01527 0.882134 0.006393 1e-05 0.096192
0.025217 0.882546 0.01923 0.001363 0.071644
0.041742 0.890025 0.004011 0.008706 0.055517
0.023457 0.712419 0.004733 1e-05 0.259381
0.967995 1e-05 1e-05 0.031975 1e-05
0.978389 1e-05 1e-05 0.021581 1e-05
0.022169 0.877629 0.011034 0.005636 0.083532
1e-05 0.885716 0.018465 0.006154 0.089655
0.022163 0.907469 0.006033 0.01288 0.051455
0.00519 0.951669 1e-05 0.026683 0.016448
0.023593 0.928673 1e-05 0.005355 0.042369
0.004384 0.967802 0.011323 0.005765 0.010726
1e-05 0.954924 0.028208 0.016849 1e-05
1e-05 0.897429 0.015892 0.003438 0.083231
0.011591 0.733057 1e-05 0.032929 0.222414
0.015224 0.715725 1e-05 0.022926 0.246115
0.053124 0.80314 1e-05 0.060477 0.083248
0.055798 0.787975 1e-05 0.089523 0.066695
0.047506 0.805587 0.004721 0.078493 0.063693
0.885951 1e-05 1e-05 0.110743 0.003286
0.837376 0.026025 0.005967 0.109826 0.020805
0.823064 0.036374 0.042184 0.081367 0.017011
0.97952 1e-05 1e-05 0.02045 1e-05
0.97719 1e-05 1e-05 0.02278 1e-05
0.990785 1e-05 1e-05 0.009185 1e-05
0.988947 1e-05 1e-05 0.011023 1e-05
0.046464 0.052257 1e-05 0.901259 1e-05
0.035446 0.031963 1e-05 0.907747 0.024833
0.050361 0.333597 1e-05 0.393901 0.222131
1e-05 1e-05 0.975785 0.011224 0.012971
1e-05 0.014031 0.97023 0.000167 0.015561
1e-05 5.2e-05 0.983539 0.010595 0.005803
1e-05 0.66855 0.281413 0.002323 0.047704
1e-05 0.71398 0.236504 0.022029 0.027476
1e-05 0.740747 0.114568 0.006452 0.138223
1e-05 0.676441 0.175998 0.007965 0.139585
1e-05 0.663504 0.196949 1e-05 0.139527
0.038294 0.935183 1e-05 0.018866 0.007648
0.004306 0.945269 0.009659 0.027043 0.013722
1e-05 0.952751 0.029473 0.01575 0.002016
1e-05 0.952709 0.031442 0.015829 1e-05
0.030685 0.90101 0.004545 0.007173 0.056588
0.018382 0.876205 0.026458 0.015628 0.063327
0.036678 0.894977 1e-05 1e-05 0.068325
0.030664 0.66999 1e-05 0.07263 0.226706
0.972825 1e-05 1e-05 0.027145 1e-05
0.991086 1e-05 1e-05 0.008884 1e-05
0.98443 1e-05 1e-05 0.01554 1e-05
0.062455 0.81219 0.002234 0.056476 0.066645
0.046496 0.79613 1e-05 0.073769 0.083594
0.017387 0.922705 0.008591 0.023103 0.028213
1e-05 0.965265 0.016325 0.018389 1e-05
1e-05 0.979323 0.011521 0.009135 1e-05
0.008115 0.964852 0.027012 1e-05 1e-05
0.018428 0.890155 0.024005 0.000235 0.067177
0.01848 0.895108 0.007539 0.008133 0.070739
0.051152 0.90723 0.002887 0.012318 0.026413
0.01428 0.714824 0.014397 0.020527 0.235973
0.021377 0.726618 0.010281 0.041719 0.200005
0.048681 0.795694 0.004746 0.087411 0.063467
0.044987 0.769149 1e-05 0.101378 0.084476
0.822336 0.097836 0.011931 0.050324 0.017573
0.800242 0.071483 0.000581 0.116111 0.011583
0.837755 0.077843 0.019829 0.031164 0.03341
0.005071 0.015889 0.967211 0.011819 1e-05
1e-05 1e-05 0.99896 0.00101 1e-05
1e-05 0.685457 0.239744 0.010315 0.064473
1e-05 0.706051 0.245449 0.005428 0.043062
1e-05 0.768031 0.10618 1e-05 0.125769
1e-05 0.779763 0.095942 0.015566 0.108719
1e-05 0.002217 0.968413 0.011779 0.017581
1e-05 1e-05 0.991504 1e-05 0.008466
0.002491 0.654322 0.257329 0.000601 0.085257
1e-05 0.707548 0.13861 0.007546 0.146285
0.018935 1e-05 0.000571 0.952897 0.027586
1e-05 1e-05 1e-05 0.999921 4.9e-05
0.016177 0.006927 0.001036 0.950227 0.025634
0.085589 0.074857 1e-05 0.785264 0.05428
0.092162 0.133167 1e-05 0.720516 0.054145
0.035637 1e-05 1e-05 0.964333 1e-05
0.015798 1e-05 1e-05 0.984172 1e-05
0.991904 1e-05 1e-05 0.008066 1e-05
0.018391 0.674014 0.006115 0.027407 0.274073
0.061058 0.804039 1e-05 0.06976 0.065134
0.070002 0.748761 1e-05 0.081952 0.099276
0.845794 0.052252 1e-05 0.08852 0.013425
0.019416 0.707913 0.012579 0.010182 0.24991
0.053781 0.811637 0.007797 0.049024 0.077761
0.049393 0.774841 0.017416 0.074717 0.083633
0.872201 0.027726 1e-05 0.059443 0.04062
0.785386 0.112069 0.044038 0.052438 0.006069
0.975479 1e-05 1e-05 0.024491 1e-05
0.979836 1e-05 1e-05 0.020134 1e-05
0.988816 1e-05 1e-05 0.011154 1e-05
0.986474 1e-05 1e-05 0.013496 1e-05
0.972623 1e-05 1e-05 0.027347 1e-05
1e-05 0.006748 0.008313 0.799404 0.185526
1e-05 1e-05 0.087631 0.370276 0.542073
0.005945 0.917641 0.004157 0.01901 0.053247
0.002627 0.936533 0.013208 1e-05 0.047622
0.008069 0.95957 0.007773 0.019531 0.005058
0.015877 0.70551 0.021907 0.015262 0.241444
0.048892 0.802492 1e-05 0.078469 0.070137
0.035468 0.806661 1e-05 0.082349 0.075511
0.874863 1e-05 0.000551 0.118913 0.005663
0.861315 1e-05 1e-05 0.122561 0.016104
0.920698 0.009425 0.000715 0.058022 0.011141
0.759736 0.148406 0.024094 0.058889 0.008875
0.814061 0.079571 0.055964 0.040594 0.009809
0.979306 1e-05 1e-05 0.020664 1e-05
0.98026 1e-05 1e-05 0.01971 1e-05
0.024715 0.313179 1e-05 0.120305 0.54179
0.030182 0.9271 0.00182 1e-05 0.040888
0.019105 0.949576 0.00354 0.013574 0.014206
0.007085 0.965853 0.027042 1e-05 1e-05
1e-05 0.97133 0.013678 0.014973 1e-05
1e-05 0.939898 0.013399 0.025428 0.021265
0.026045 0.916848 1e-05 0.01838 0.038718
0.029596 0.901184 0.007392 0.002672 0.059155
0.025774 0.68693 0.019347 0.035186 0.232763
0.056347 0.780895 1e-05 0.073476 0.089272
0.045127 0.767017 1e-05 0.091374 0.096472
0.895856 0.045717 1e-05 0.035092 0.023325
0.860091 0.048537 0.007629 0.066897 0.016846
0.966998 1e-05 1e-05 0.032972 1e-05
0.020877 0.718451 1e-05 0.020499 0.240163
0.055373 0.813052 1e-05 0.071764 0.059801
0.050803 0.806923 1e-05 0.079066 0.063198
0.881208 1e-05 1e-05 0.118762 1e-05
0.839941 0.041985 0.00337 0.096739 0.017965
0.878402 0.026 0.010341 0.0608 0.024457
0.664177 0.24093 0.03181 0.057988 0.005096
0.019892 0.722979 0.009736 0.016419 0.230975
0.058567 0.775718 1e-05 0.082851 0.082854
0.046615 0.762916 0.006174 0.096927 0.087369
0.850857 0.039342 1e-05 0.084722 0.025069
0.921794 0.010019 1e-05 0.068168 1e-05
0.018155 0.722573 0.012196 0.01793 0.229146
0.042825 0.804397 1e-05 0.044058 0.108711
0.03241 0.807372 1e-05 0.055578 0.104629
0.887214 1e-05 1e-05 0.112756 1e-05
0.888465 1e-05 1e-05 0.101664 0.00985
0.619089 0.273626 0.036904 0.069757 0.000624
0.87233 0.048134 0.01562 0.063907 1e-05
0.966897 1e-05 1e-05 0.033073 1e-05
0.054157 0.824917 1e-05 0.097649 0.023266
0.881031 0.005867 1e-05 0.101232 0.011861
0.763129 0.15068 0.035221 0.0421 0.008871
0.040849 0.659322 0.017588 0.046859 0.235382
0.054156 0.808089 1e-05 0.052176 0.085569
0.016108 0.927126 0.012346 0.017612 0.026808
1e-05 1e-05 1e-05 0.999955 1.5e-05
0.030086 0.881856 0.003964 0.008767 0.075327
0.001574 0.001006 0.004622 0.868617 0.124181
0.007803 0.896178 0.018209 0.005192 0.072617
0.013479 1e-05 0.002739 0.983763 1e-05
0.098919 0.086808 1e-05 0.77917 0.035093
0.013641 0.911057 0.003507 1e-05 0.071785
1e-05 0.951192 1e-05 0.026331 0.022457
0.010835 1e-05 1e-05 0.989135 1e-05
0.0209 0.035112 1e-05 0.905504 0.038474
0.030737 0.880979 0.001635 1e-05 0.086639
0.020317 1e-05 0.006693 0.960226 0.012754
0.00618 1e-05 0.005991 0.982658 0.005161
0.003227 0.956447 0.017996 0.02232 1e-05
1e-05 1e-05 0.096366 0.36295 0.540664
1e-05 0.95613 0.025818 0.014793 0.003249
0.015898 0.960058 1e-05 1e-05 0.024024
1e-05 0.955589 0.032042 0.012349 1e-05
0.007799 1e-05 1e-05 0.992171 1e-05
0.831074 0.085884 0.000439 0.060366 0.022237
0.921152 1e-05 1e-05 0.078818 1e-05
0.436179 0.406707 0.000285 0.117412 0.039416
0.843744 0.059805 0.011348 0.075554 0.009549
0.825589 0.079977 0.009089 0.053596 0.031748
0.970776 1e-05 1e-05 0.029194 1e-05
0.783481 0.133718 0.007479 0.074632 0.00069
0.926727 0.009057 1e-05 0.059682 0.004523
0.915606 0.014304 1e-05 0.07007 1e-05
0.915989 0.002942 1e-05 0.077161 0.003898
0.917043 1e-05 0.007751 0.072732 0.002464
0.828462 0.073478 0.016522 0.06082 0.020718
0.471525 0.340873 0.008241 0.144569 0.034792
0.830526 0.07513 0.005465 0.071135 0.017743
0.898096 0.012167 0.020779 0.060621 0.008337
0.917381 1e-05 1e-05 0.07245 0.010149
0.656682 0.281986 0.010793 0.038362 0.012176
0.918916 0.023402 1e-05 0.057662 1e-05
0.863122 0.061166 0.004361 0.055273 0.016079
0.794664 0.135554 0.013586 0.047608 0.008587
0.488584 0.259627 1e-05 0.230978 0.020802
0.953805 0.022436 0.004875 0.005717 0.013167
0.503046 0.415383 0.022553 0.043069 0.01595
0.928395 0.006635 1e-05 0.064951 1e-05
0.945488 0.03545 1e-05 0.015402 0.00365
0.833076 0.142366 0.003836 1e-05 0.020712
0.90395 0.076432 0.006469 0.007229 0.00592
0.871855 0.06134 0.006252 0.060542 1e-05
0.607183 0.27868 0.055385 0.018423 0.040329
0.999933 1e-05 1e-05 3.7e-05 1e-05
0.594388 0.356391 0.000489 0.015443 0.033289
0.983042 1e-05 1e-05 0.016928 1e-05
0.825691 0.106049 0.011861 0.033033 0.023366
0.48243 0.325824 1e-05 0.141015 0.050722
0.934237 1e-05 1e-05 0.065733 1e-05
0.923356 1e-05 1e-05 0.068558 0.008066
0.905759 0.021139 0.027796 0.037444 0.007863
0.890516 0.014681 0.02138 0.069931 0.003492
0.845174 0.09689 0.005617 0.03791 0.014408
0.81888 0.123259 0.025295 0.032556 1e-05
0.913173 0.07034 1e-05 0.016467 1e-05
0.965449 1e-05 1e-05 0.034521 1e-05
0.987443 0.008895 1e-05 0.002612 0.00104
0.650498 0.243247 0.050871 0.055375 1e-05
0.6635 0.262054 0.036039 0.029573 0.008834
0.924647 1e-05 1e-05 0.075323 1e-05
0.979683 1e-05 0.003916 0.015584 0.000806
0.968443 0.018232 0.000839 0.003944 0.008543
0.944841 1e-05 1e-05 0.055129 1e-05
0.95405 0.005092 0.002735 0.03783 0.000294
0.876819 0.025609 1e-05 0.083303 0.014259
0.550824 0.387203 0.019153 0.028582 0.014238
0.931115 0.011994 1e-05 0.051337 0.005544
0.788968 0.11679 1e-05 0.084001 0.010231
0.969186 1e-05 1e-05 0.029186 0.001608
0.858172 0.047305 1e-05 0.070824 0.023689
0.930044 1e-05 0.003512 0.066424 1e-05
0.949977 0.036371 0.012222 0.00142 1e-05
0.881392 0.022677 1e-05 0.071299 0.024622
0.68847 0.249135 0.018368 0.044017 1e-05
0.955443 0.026181 0.018356 1e-05 1e-05
0.83717 0.078152 1e-05 0.07709 0.007578
0.656606 0.291566 0.013373 0.038445 1e-05
0.940407 1e-05 1e-05 0.059563 1e-05
0.904598 0.008907 1e-05 0.086475 1e-05
0.811456 0.133171 0.005552 0.017875 0.031947
0.923058 1e-05 0.002046 0.074876 1e-05
0.841829 0.067372 1e-05 0.064401 0.026387
0.877773 0.03749 1e-05 0.056229 0.028498
0.688473 0.169918 0.061548 0.066452 0.013609
0.899462 0.060106 0.010755 0.020217 0.00946
0.931027 1e-05 0.003737 0.065216 1e-05
0.955667 0.038272 0.005015 0.001036 1e-05
0.981307 1e-05 0.007006 1e-05 0.011667
0.962736 1e-05 1e-05 0.037234 1e-05
0.962229 1e-05 1e-05 0.037741 1e-05
0.649346 1e-05 0.013002 0.31588 0.021762
0.510576 0.216581 0.000815 0.236093 0.035935
0.894232 0.01289 0.010864 0.078165 0.003849
0.972844 1e-05 1e-05 0.027126 1e-05
0.964228 1e-05 1e-05 0.035742 1e-05
0.916783 0.037149 0.005941 0.02805 0.012077
0.484522 0.444144 0.009166 0.039237 0.02293
0.984525 0.001306 0.000649 0.01351 1e-05
0.785021 0.090973 0.043168 0.061019 0.019819
0.880546 0.057202 0.009012 0.03542 0.01782
0.990359 1e-05 0.003981 0.00564 1e-05
0.932179 0.006855 0.00548 0.038909 0.016577
0.839269 0.09518 0.01982 0.030881 0.01485
0.788761 0.126108 0.019853 0.048041 0.017236
