1e-05 1e-05 1e-05 0.985563 0.008276 1e-05 0.00147 0.004652
1e-05 1e-05 1e-05 0.992504 0.000536 1e-05 0.003358 0.003561
1e-05 1e-05 0.002911 0.988745 1e-05 1e-05 1e-05 0.008294
1e-05 1e-05 0.000722 0.98004 0.000371 0.007413 0.004437 0.006997
1e-05 0.003171 0.01169 0.979416 0.003802 1e-05 1e-05 0.00189
1e-05 0.007309 0.000398 0.986498 0.003448 1e-05 1e-05 0.002318
1e-05 1e-05 1e-05 0.99993 1e-05 1e-05 1e-05 1e-05
1e-05 1e-05 1e-05 0.99151 1e-05 1e-05 1e-05 0.00843
1e-05 1e-05 1e-05 0.989843 1e-05 1e-05 1e-05 0.010097
1e-05 1e-05 1e-05 0.9867 1e-05 1e-05 0.00222 0.01103
1e-05 0.009038 1e-05 0.986098 0.004814 1e-05 1e-05 1e-05
1e-05 0.013896 0.005461 0.976669 1e-05 1e-05 0.000345 0.003599
1e-05 1e-05 1.1e-05 0.999927 1e-05 1e-05 1.2e-05 1e-05
1e-05 1e-05 1e-05 0.99993 1e-05 1e-05 1e-05 1e-05
1e-05 0.016816 1e-05 0.968416 0.013009 1e-05 1e-05 0.00172
1e-05 0.006804 1e-05 0.955043 1e-05 0.025296 1e-05 0.012817
1e-05 1.3e-05 0.006434 0.992144 0.001369 1e-05 1e-05 1e-05
1e-05 0.674111 1e-05 0.216647 0.011395 0.075973 1e-05 0.021845
1e-05 0.686227 1e-05 0.264364 0.027811 0.000191 1e-05 0.021377
0.001729 0.645454 1e-05 0.201883 0.018744 0.125111 1e-05 0.007058
1e-05 0.71556 1e-05 0.12081 0.011479 0.148051 1e-05 0.00407
0.002851 0.65458 0.004426 0.161761 0.006421 0.156934 0.013017 1e-05
1e-05 0.662038 1e-05 0.140446 0.045442 0.152034 1e-05 1e-05
1e-05 0.737525 1e-05 0.059548 1e-05 0.200296 1e-05 0.002592
0.001721 0.735471 1e-05 0.065773 0.016714 0.180291 1e-05 1e-05
0.00335 0.723436 1e-05 0.042334 0.017277 0.207832 1e-05 0.005751
1e-05 0.74595 1e-05 0.045409 0.01979 0.181165 0.007656 1e-05
1e-05 0.692437 1e-05 0.091608 0.028747 0.187168 1e-05 1e-05
1e-05 0.702505 1e-05 0.097472 0.001566 0.18645 1e-05 0.011977
1e-05 0.705063 1e-05 0.095122 0.01983 0.165021 1e-05 0.014934
1e-05 0.699808 0.016601 0.110074 0.026469 0.138713 1e-05 0.008316
1e-05 0.682232 1e-05 0.106009 0.033147 0.177265 1e-05 0.001318
0.009133 0.385741 0.020084 1e-05 1e-05 0.564249 0.010592 0.010181
1e-05 0.32783 0.029746 0.032942 1e-05 0.587963 0.015986 0.005513
1e-05 0.333942 0.019279 0.022938 1e-05 0.610884 0.011642 0.001294
0.009525 0.412739 0.006104 0.004619 1e-05 0.526089 0.037654 0.003261
1e-05 0.235156 0.037554 0.006438 0.309408 0.219214 0.19221 1e-05
1e-05 1e-05 1e-05 0.99993 1e-05 1e-05 1e-05 1e-05
1e-05 0.058005 0.005159 0.924318 1e-05 0.007022 1e-05 0.005466
1e-05 0.665894 1e-05 0.241591 0.048116 0.044359 1e-05 1e-05
1e-05 0.651072 1e-05 0.292712 0.02686 0.018662 1e-05 0.010664
1e-05 0.722624 1e-05 0.093469 0.015588 0.16828 1e-05 1e-05
1e-05 0.707572 1e-05 0.141285 0.040568 0.108793 1e-05 0.001752
1e-05 0.664514 1e-05 0.148862 0.005412 0.171493 1e-05 0.009689
1e-05 0.648086 1e-05 0.214201 0.03233 0.105343 1e-05 1e-05
1e-05 0.730981 0.010571 0.046042 0.000688 0.203611 0.005903 0.002194
0.014344 0.738009 1e-05 0.049309 0.041168 0.15714 1e-05 1e-05
0.001913 0.732281 1e-05 0.045105 0.007703 0.207227 1e-05 0.005752
1e-05 0.670581 1e-05 0.0939 0.011926 0.221562 1e-05 0.002
1e-05 0.713606 1e-05 0.098948 0.02852 0.152256 1e-05 0.00664
1e-05 0.70856 1e-05 0.079827 0.036034 0.175539 1e-05 1e-05
0.025471 0.414562 5.7e-05 0.004939 1e-05 0.513353 0.040823 0.000785
1e-05 1e-05 0.000707 0.986347 1e-05 1e-05 0.009806 0.003101
1e-05 1e-05 0.004454 0.985748 0.004883 0.004876 1e-05 1e-05
1e-05 1e-05 1e-05 0.980689 1e-05 0.007609 1e-05 0.011652
1.7e-05 0.003636 1e-05 0.98782 0.003175 0.005322 1e-05 1e-05
1e-05 0.009788 1e-05 0.984537 1e-05 0.004517 0.001117 1e-05
1e-05 1e-05 1e-05 0.99993 1e-05 1e-05 1e-05 1e-05
1e-05 1e-05 0.000833 0.998299 1e-05 1e-05 1e-05 0.000818
1e-05 0.007575 0.003249 0.954135 1e-05 0.014138 1e-05 0.020872
1e-05 0.704783 1e-05 0.27228 0.022887 1e-05 1e-05 1e-05
1e-05 0.681209 1e-05 0.248894 0.039385 0.011541 1e-05 0.018941
1e-05 0.641727 1e-05 0.269079 0.051879 0.037275 1e-05 1e-05
1e-05 0.670241 1e-05 0.097625 0.033287 0.176134 0.009081 0.013612
0.001422 0.712768 0.015768 0.115803 1e-05 0.132299 1e-05 0.02192
1e-05 0.664946 0.007023 0.129456 0.026222 0.167346 1e-05 0.004987
1e-05 0.732715 0.00153 0.054502 0.012818 0.190082 1e-05 0.008333
1e-05 0.75693 1e-05 0.039325 0.026579 0.159953 1e-05 0.017183
0.003534 0.7323 0.01139 0.037542 0.032326 0.182888 1e-05 1e-05
1e-05 0.724902 1e-05 0.056847 0.017618 0.197745 1e-05 0.002859
1e-05 0.688398 1e-05 0.115874 0.00518 0.174294 1e-05 0.016225
1e-05 0.732351 1e-05 0.09917 0.009103 0.15177 0.007576 1e-05
1e-05 1e-05 0.003144 0.994891 1e-05 1e-05 0.001915 1e-05
1e-05 1e-05 0.000554 0.983935 1e-05 0.005232 1e-05 0.010239
1e-05 1e-05 0.00701 0.981098 1e-05 0.006067 1.1e-05 0.005784
1e-05 0.01241 1e-05 0.972711 1e-05 1e-05 0.007625 0.007214
1e-05 0.00627 1e-05 0.984347 0.009333 1e-05 1e-05 1e-05
1e-05 1e-05 1e-05 0.99993 1e-05 1e-05 1e-05 1e-05
1e-05 1e-05 1e-05 0.99993 1e-05 1e-05 1e-05 1e-05
1e-05 0.0221 0.000384 0.952781 0.002706 0.000109 1e-05 0.021898
1e-05 0.688106 1e-05 0.239331 0.049517 0.005883 1e-05 0.017133
1e-05 0.675253 1e-05 0.256107 0.028752 0.024534 1e-05 0.015324
0.009484 0.678851 1e-05 0.273249 0.021941 1e-05 1e-05 0.016446
0.01293 0.662295 1e-05 0.129503 0.018744 0.162496 1e-05 0.014011
1e-05 0.658111 1e-05 0.132816 0.03035 0.175124 0.002281 0.001297
0.005084 0.681707 1e-05 0.125777 0.016789 0.161316 1e-05 0.009307
1e-05 0.725136 1e-05 0.124328 0.032801 0.109815 1e-05 0.007889
1e-05 0.717061 1e-05 0.066736 0.00054 0.208537 1e-05 0.007096
1e-05 0.706981 1e-05 0.068912 1e-05 0.214397 0.00967 1e-05
1e-05 0.735566 1e-05 0.059359 0.023198 0.18157 1e-05 0.000278
1e-05 0.695311 1e-05 0.106313 0.02109 0.16012 1e-05 0.017136
1e-05 1e-05 0.000993 0.9919 0.000213 1e-05 1e-05 0.006853
1e-05 1e-05 0.001513 0.987992 1e-05 1e-05 1e-05 0.010444
1e-05 1e-05 1e-05 0.98939 1e-05 1e-05 0.004308 0.006252
1e-05 1e-05 1e-05 0.969008 1e-05 0.014842 1e-05 0.0161
1e-05 0.018597 1e-05 0.975687 0.002366 1e-05 0.001789 0.001532
1e-05 0.008726 0.006699 0.981397 1e-05 1e-05 1.3e-05 0.003135
1e-05 1e-05 1e-05 0.99993 1e-05 1e-05 1e-05 1e-05
1e-05 0.020717 1.5e-05 0.942186 0.010539 0.006965 1e-05 0.019558
1e-05 1e-05 1e-05 0.99993 1e-05 1e-05 1e-05 1e-05
0.011495 0.006284 1e-05 0.971183 0.006328 1e-05 1e-05 0.00468
1e-05 0.015962 1e-05 0.943769 0.009935 0.012529 0.001145 0.016641
1e-05 0.704987 1e-05 0.227959 0.024592 1e-05 0.017137 0.025295
1e-05 0.656129 1e-05 0.251846 0.029913 0.044109 1e-05 0.017972
1e-05 0.669281 1e-05 0.272147 0.037332 0.011742 1e-05 0.009468
1e-05 0.677275 1e-05 0.121155 0.021584 0.177418 1e-05 0.002538
1e-05 0.640517 1e-05 0.1837 0.008705 0.149587 1e-05 0.017461
1e-05 0.691359 1e-05 0.169682 0.021718 0.103574 0.000511 0.013137
1e-05 0.738827 1e-05 0.095306 0.028111 0.132198 1e-05 0.005528
1e-05 0.753451 1e-05 0.040241 0.009939 0.179649 1e-05 0.016689
0.0012 0.730313 1e-05 0.051491 1e-05 0.216956 1e-05 1e-05
1e-05 0.747983 0.008161 0.032373 0.013095 0.181258 0.004664 0.012456
1e-05 0.692242 1e-05 0.099721 0.008935 0.19682 1e-05 0.002252
1e-05 0.694219 1.3e-05 0.105574 0.018213 0.165363 1e-05 0.016599
1e-05 0.002176 1e-05 0.992909 1e-05 1e-05 1e-05 0.004865
1e-05 1e-05 1e-05 0.995739 1e-05 1e-05 1e-05 0.004201
1e-05 1e-05 0.003587 0.990101 1e-05 0.003781 1e-05 0.00249
1e-05 0.009024 1e-05 0.986823 1e-05 1e-05 1e-05 0.004103
1e-05 1e-05 1e-05 0.99993 1e-05 1e-05 1e-05 1e-05
1e-05 1e-05 1e-05 0.99993 1e-05 1e-05 1e-05 1e-05
1e-05 1e-05 1e-05 0.99993 1e-05 1e-05 1e-05 1e-05
1e-05 0.090049 1e-05 0.875673 0.011796 0.000661 0.011762 0.01004
1e-05 1e-05 1e-05 0.989117 1e-05 0.003925 0.006908 1e-05
1e-05 0.636929 1e-05 0.274909 0.034984 0.038612 1e-05 0.014535
1e-05 0.651768 1e-05 0.268726 0.019795 0.050508 1e-05 0.009173
1e-05 0.6729 1e-05 0.264701 0.038028 0.010073 1e-05 0.014269
1e-05 0.716081 1e-05 0.094962 0.029236 0.140339 1e-05 0.019352
1e-05 0.677555 1e-05 0.118999 0.024105 0.173423 1e-05 0.005888
1e-05 0.688463 1e-05 0.129217 0.035128 0.141397 1e-05 0.005764
1e-05 0.724806 1e-05 0.102583 0.029501 0.143071 1e-05 1e-05
1e-05 0.723478 1e-05 0.032958 0.035429 0.201606 0.001978 0.004532
0.001335 0.735807 1e-05 0.041458 0.019438 0.201748 0.000194 1e-05
1e-05 0.72079 1e-05 0.069016 0.023714 0.18124 1e-05 0.005209
1e-05 0.729608 1e-05 0.036735 0.016041 0.207234 1e-05 0.010352
1e-05 0.67719 1e-05 0.146247 1e-05 0.161973 0.000648 0.013912
1e-05 0.586327 1e-05 0.210978 0.030313 0.170612 1e-05 0.00174
1e-05 1e-05 1e-05 0.99993 1e-05 1e-05 1e-05 1e-05
0.003215 1e-05 1e-05 0.986276 1e-05 1e-05 0.002202 0.008268
1e-05 1e-05 1e-05 0.992829 1e-05 1e-05 1e-05 0.007111
1e-05 1e-05 0.00664 0.973035 1e-05 0.013747 1e-05 0.006537
1e-05 0.001898 0.004295 0.991731 1e-05 1e-05 1e-05 0.002036
1e-05 0.010407 1e-05 0.978899 0.008176 1e-05 0.002478 1e-05
1e-05 1e-05 1e-05 0.99993 1e-05 1e-05 1e-05 1e-05
1e-05 0.084412 1e-05 0.878929 0.016551 0.018053 1e-05 0.002025
1e-05 1e-05 1e-05 0.993058 0.005748 0.001145 1e-05 1e-05
1e-05 0.634431 1e-05 0.300857 0.030982 0.02474 1e-05 0.008961
1e-05 0.667247 1e-05 0.246552 0.029381 0.045903 1e-05 0.010885
1e-05 0.676532 1e-05 0.136756 0.007222 0.148559 1e-05 0.030901
1e-05 0.631848 1e-05 0.196089 0.023544 0.135408 1e-05 0.013082
1e-05 0.730298 0.005688 0.111272 0.022427 0.119275 1e-05 0.011021
0.001232 0.75558 1e-05 0.061131 0.001844 0.162941 1e-05 0.017252
1e-05 0.726366 1e-05 0.046915 0.036498 0.19018 1e-05 1e-05
1e-05 0.729244 1e-05 0.053997 0.019341 0.191531 1.2e-05 0.005855
1e-05 0.737965 1e-05 0.051006 1e-05 0.194167 0.004441 0.012391
0.004996 0.700317 1e-05 0.092722 0.040663 0.158416 1e-05 0.002866
1e-05 1e-05 1e-05 0.989651 1e-05 1e-05 1e-05 0.010289
1e-05 1e-05 0.001431 0.985511 0.002896 0.001057 1e-05 0.009075
0.008882 1e-05 1e-05 0.982809 0.000594 1e-05 1e-05 0.007675
1e-05 1e-05 0.001849 0.972062 0.006792 1e-05 0.005991 0.013276
0.001464 0.008495 1e-05 0.981865 1e-05 0.000987 1e-05 0.00716
1e-05 1e-05 1e-05 0.99993 1e-05 1e-05 1e-05 1e-05
1e-05 0.007981 1e-05 0.984688 1.1e-05 0.005589 0.001702 1e-05
1e-05 0.651183 1e-05 0.292008 0.046304 0.007293 1e-05 0.003181
1e-05 0.688471 1e-05 0.126284 0.034101 0.143723 1e-05 0.007391
1e-05 0.720966 1e-05 0.130168 0.001091 0.147735 1e-05 1e-05
1e-05 0.709337 1e-05 0.117933 0.02423 0.148461 1e-05 1e-05
1e-05 0.692538 1e-05 0.120859 0.028719 0.157843 1e-05 1e-05
0.005156 0.699077 1e-05 0.101633 0.029178 0.163136 1e-05 0.001799
0.003875 0.726681 1e-05 0.058107 1e-05 0.211296 1e-05 1e-05
1e-05 0.723969 0.001696 0.056623 0.021474 0.190376 1e-05 0.005842
1e-05 0.678205 1e-05 0.114184 0.029172 0.178398 1e-05 1e-05
0.003256 1e-05 1e-05 0.992398 0.000372 0.000777 0.003166 1e-05
0.005224 1e-05 1e-05 0.989864 1e-05 1e-05 1e-05 0.004862
1e-05 0.003699 1e-05 0.98876 1e-05 1e-05 1e-05 0.007491
1e-05 0.019968 1e-05 0.967431 0.00208 0.005361 0.00513 1e-05
1e-05 1e-05 1e-05 0.99993 1e-05 1e-05 1e-05 1e-05
1e-05 0.697444 1e-05 0.098534 0.011521 0.18334 1e-05 0.00913
1e-05 0.722838 1e-05 0.066199 1e-05 0.209587 1e-05 0.001336
1e-05 0.688301 0.000272 0.09354 0.021697 0.196161 1e-05 1e-05
1e-05 0.733169 0.008797 0.055621 1e-05 0.191162 1e-05 0.011221
1e-05 0.74543 0.007559 0.049969 0.022315 0.171649 1e-05 0.003058
1e-05 0.697386 0.014581 0.106669 0.001063 0.174168 1e-05 0.006113
1e-05 0.717085 1e-05 0.102894 0.031112 0.140892 0.007987 1e-05
0.002858 0.697651 1e-05 0.094777 0.032977 0.153336 1e-05 0.018381
0.001645 0.674913 1e-05 0.097092 0.026439 0.199881 1e-05 1e-05
0.017996 0.390052 0.008654 0.020878 0.013011 0.531036 1e-05 0.018364
1e-05 0.395349 0.033439 0.002998 1e-05 0.558484 1e-05 0.009699
1e-05 0.39099 0.02053 0.023984 1e-05 0.543794 0.003296 0.017387
1e-05 0.391219 0.022892 0.017357 1e-05 0.55249 0.009839 0.006184
0.012088 0.354673 1e-05 0.032713 1e-05 0.575295 0.017578 0.007633
1e-05 1e-05 1e-05 0.99762 1e-05 1e-05 1e-05 0.00232
1e-05 1e-05 1e-05 0.992559 1e-05 1e-05 0.005136 0.002255
1e-05 1e-05 1e-05 0.975273 0.007579 0.006361 1e-05 0.010748
1e-05 0.004516 1e-05 0.984872 1e-05 0.005013 0.005559 1e-05
1e-05 0.006119 1e-05 0.983878 1e-05 0.009953 1e-05 1e-05
1e-05 1e-05 1e-05 0.99993 1e-05 1e-05 1e-05 1e-05
1e-05 1e-05 1.2e-05 0.999927 1e-05 1e-05 1.1e-05 1e-05
1e-05 0.713355 1e-05 0.098351 0.031305 0.156949 1e-05 1e-05
0.005647 0.666731 1e-05 0.106717 0.017176 0.202088 1e-05 0.001621
1e-05 0.745361 1e-05 0.067471 0.036104 0.151025 1e-05 1e-05
0.006697 0.73701 1e-05 0.061851 0.026864 0.161491 1e-05 0.006067
1e-05 0.742685 0.007271 0.044509 1e-05 0.205496 1e-05 1e-05
1e-05 0.740741 1e-05 0.030049 0.003205 0.210852 1e-05 0.015123
1e-05 0.689797 1e-05 0.099317 0.027441 0.177812 1e-05 0.005603
1e-05 0.705028 1e-05 0.08635 0.019849 0.174816 0.006987 0.006949
1e-05 0.645482 1e-05 0.184418 0.032477 0.121436 1e-05 0.016157
1e-05 0.384458 0.016465 0.030012 0.001419 0.544795 0.022832 1e-05
0.009229 0.44056 0.000676 0.010935 1e-05 0.504648 0.033931 1e-05
1e-05 0.250283 0.018685 1e-05 0.298808 0.209666 0.222528 1e-05
1e-05 1e-05 0.002036 0.975971 0.001371 0.007696 1e-05 0.012897
1e-05 1e-05 0.000828 0.990351 1e-05 0.001396 1e-05 0.007386
1e-05 0.011741 0.00607 0.982139 1e-05 1e-05 1e-05 1e-05
1e-05 1e-05 1e-05 0.99993 1e-05 1e-05 1e-05 1e-05
0.007518 0.693284 1e-05 0.113995 0.00958 0.148695 1e-05 0.026907
1e-05 0.715786 1e-05 0.10184 0.022971 0.159363 1e-05 1e-05
1e-05 0.731572 0.009976 0.050179 0.015211 0.186655 1e-05 0.006388
0.005491 0.745771 0.002859 0.042683 0.019075 0.172411 0.00202 0.009691
0.009085 0.747496 1e-05 0.035842 0.028695 0.178579 1e-05 0.000283
1e-05 0.671354 1e-05 0.156259 0.02035 0.151412 1e-05 0.000595
1e-05 0.742923 1e-05 0.055254 0.001262 0.178323 0.009884 0.012333
1e-05 0.647825 1e-05 0.141517 0.012821 0.197796 1e-05 1e-05
0.020649 0.406112 0.011357 1e-05 0.005437 0.553739 0.002686 1e-05
1e-05 0.369543 0.036018 0.019357 1e-05 0.571308 0.003744 1e-05
0.024323 0.295871 0.002638 0.004688 0.009637 0.635497 0.015716 0.01163
1e-05 0.401356 0.023863 0.055094 1e-05 0.510079 0.008748 0.00084
1e-05 0.30328 0.027026 1e-05 0.229365 0.261063 0.179236 1e-05
1.4e-05 0.662076 1e-05 0.129429 0.042437 0.166015 1e-05 1e-05
1e-05 1e-05 1e-05 0.989119 0.001375 1e-05 1e-05 0.009455
1e-05 0.003986 0.004702 0.985892 0.000508 0.004883 1e-05 1e-05
1e-05 1e-05 1e-05 0.99993 1e-05 1e-05 1e-05 1e-05
1e-05 0.00107 1e-05 0.993454 1e-05 1e-05 0.005426 1e-05
1e-05 0.641994 0.000481 0.268083 0.026838 0.041052 1e-05 0.021533
1e-05 0.590746 1e-05 0.340778 0.01468 0.029201 0.021335 0.00324
1e-05 0.736046 1e-05 0.089468 0.005859 0.168588 1e-05 1e-05
1e-05 0.672001 1e-05 0.146576 0.02928 0.152103 1e-05 1e-05
1e-05 0.738641 1e-05 0.048284 0.016839 0.178823 0.009854 0.007538
1e-05 0.737708 1e-05 0.04781 0.034544 0.162575 1e-05 0.017333
1e-05 0.741936 1e-05 0.067001 1e-05 0.176221 1e-05 0.014803
1e-05 0.679884 0.021435 0.10031 0.005801 0.17594 0.013663 0.002956
1e-05 0.662103 1e-05 0.147331 0.027687 0.162839 1e-05 1e-05
1e-05 0.387444 0.012764 0.021553 1e-05 0.572587 0.004838 0.000794
1e-05 0.306731 0.016144 0.051499 0.004497 0.606702 0.014408 1e-05
1e-05 0.39682 0.033637 0.022161 1e-05 0.538212 0.001757 0.007393
0.005315 0.404192 0.028751 0.019766 1e-05 0.541947 1e-05 1e-05
1e-05 0.676822 0.005555 0.11539 0.020563 0.168491 1e-05 0.013159
1e-05 0.718116 0.000765 0.090654 0.009263 0.160909 1e-05 0.020272
1e-05 0.65068 1e-05 0.175395 0.021628 0.152257 1e-05 1e-05
0.013795 0.375113 1e-05 0.020929 0.00134 0.556963 0.008384 0.023467
0.022246 0.419793 1e-05 0.009582 1e-05 0.5176 0.030748 1e-05
1e-05 0.450916 0.018582 0.023001 1e-05 0.501518 0.005953 1e-05
1e-05 0.411521 0.056291 0.016802 1e-05 0.514706 1e-05 0.00065
0.00738 0.295752 0.009389 1e-05 0.2924 0.194885 0.180216 0.019968
0.007552 0.282935 0.004971 1e-05 0.265022 0.24928 0.189326 0.000903
1e-05 0.419596 0.023245 0.031901 1e-05 0.525218 1e-05 1e-05
0.017884 0.446309 1e-05 0.039749 1e-05 0.491121 0.004908 1e-05
0.022434 0.257373 0.015819 0.0609 0.003413 0.632523 1e-05 0.007527
1e-05 0.288228 0.03221 1e-05 1e-05 0.617596 0.030099 0.031835
1e-05 0.278628 0.042357 1e-05 0.013147 0.628982 0.024589 0.012277
0.006009 0.327675 0.033835 1e-05 1e-05 0.568377 0.04327 0.020815
0.016636 0.362083 0.003448 0.023297 1e-05 0.547956 0.030726 0.015844
1e-05 0.342548 0.028758 1e-05 1e-05 0.556553 0.055061 0.017051
0.025336 0.275735 1e-05 1e-05 0.059876 0.552245 0.0793 0.007489
1e-05 0.290973 0.044843 1e-05 0.039908 0.54638 0.052265 0.025611
1e-05 1e-05 1e-05 1e-05 0.970698 1e-05 0.026609 0.002644
1e-05 1e-05 1e-05 1e-05 0.873916 0.013029 0.109114 0.003901
0.006416 1e-05 1e-05 1e-05 0.972549 0.007567 0.008584 0.004854
0.00357 0.008835 1e-05 0.007938 0.856258 0.011008 0.105604 0.006777
1e-05 0.68459 1e-05 0.115674 0.018248 0.177141 1e-05 0.004317
0.000809 0.693937 1e-05 0.114306 0.024812 0.166106 1e-05 1e-05
1e-05 0.687108 1e-05 0.100347 0.033735 0.167391 1e-05 0.011389
1e-05 0.383904 0.035128 0.03534 0.004625 0.510127 0.028431 0.002434
0.015149 0.40649 0.019289 0.042935 1e-05 0.499623 0.016241 0.000263
1e-05 0.403238 0.024984 0.012429 1e-05 0.545452 0.004313 0.009564
0.011928 0.330928 1e-05 0.031609 1e-05 0.608006 0.017499 1e-05
1.3e-05 0.282498 0.011127 0.00872 0.279345 0.197701 0.220586 1e-05
1e-05 0.434507 0.008326 0.018244 1e-05 0.536974 0.001919 1e-05
1e-05 0.436088 0.01362 0.0546 1e-05 0.486508 0.009154 1e-05
1e-05 0.242855 0.014104 0.048425 0.003977 0.630114 0.042413 0.018102
0.024212 0.278361 0.022518 1e-05 0.017455 0.635118 0.000543 0.021783
0.024658 0.3773 1e-05 0.002747 0.003703 0.530116 0.043719 0.017747
1e-05 0.248041 0.007756 0.028898 0.012756 0.638021 0.050312 0.014207
0.028582 0.325046 0.012533 0.016588 1e-05 0.564004 0.045717 0.007521
1.4e-05 0.35665 0.043299 0.010011 1e-05 0.55589 0.034116 1e-05
0.030329 0.234132 0.020165 0.007691 0.073839 0.564973 0.052901 0.015971
1e-05 0.284724 0.027288 0.006439 0.080151 0.513171 0.080639 0.007578
0.009352 1e-05 1e-05 1e-05 0.968718 1e-05 0.02188 1e-05
1e-05 1e-05 1e-05 1e-05 0.95169 1e-05 0.04825 1e-05
1e-05 1e-05 1e-05 1e-05 0.969622 1e-05 0.001689 0.028639
1e-05 0.012856 1e-05 1.5e-05 0.851081 0.004439 0.131579 1e-05
1e-05 0.664816 1e-05 0.142934 0.004587 0.187622 1e-05 1e-05
1e-05 0.684111 0.012312 0.098458 0.018291 0.173723 1e-05 0.013086
1e-05 0.702789 1e-05 0.096234 0.013173 0.17224 1e-05 0.015534
1e-05 0.37484 0.015571 0.056848 1e-05 0.522436 0.006784 0.023502
0.018901 0.389899 1e-05 0.015577 1e-05 0.55881 0.011885 0.004909
0.009722 0.414209 0.00996 0.017293 0.018151 0.461431 0.036177 0.033058
1e-05 0.337824 0.013286 0.019259 0.006617 0.586932 0.020154 0.015919
0.014558 0.25808 0.005291 0.017823 0.280497 0.193728 0.217649 0.012374
0.015256 0.248806 1e-05 1e-05 0.298665 0.215735 0.220111 0.001408
1e-05 0.39381 0.016465 0.09268 1e-05 0.474705 0.02231 1e-05
0.011185 0.274769 0.001048 0.092986 0.013719 0.588412 0.012067 0.005815
1e-05 0.226397 0.025243 0.006566 0.009475 0.694973 0.021246 0.016091
1e-05 0.308055 0.023814 1e-05 0.015908 0.619084 0.033109 1e-05
0.029238 0.422066 1e-05 0.011255 0.021547 0.456716 0.042912 0.016256
0.033259 0.223033 0.000999 1e-05 0.012659 0.679885 0.033477 0.016677
0.023194 0.39362 1e-05 0.025435 1e-05 0.541697 0.005387 0.010648
1e-05 0.351967 0.036532 0.003463 1e-05 0.55734 0.037941 0.012736
0.02431 0.334399 1e-05 0.006356 1e-05 0.578718 0.056187 1e-05
1e-05 0.278675 0.014596 0.002882 0.05918 0.561126 0.059261 0.024269
0.005339 0.278088 0.029237 0.008329 0.072578 0.527113 0.067631 0.011685
1e-05 1e-05 1e-05 1e-05 0.934764 1e-05 0.065176 1e-05
1e-05 1e-05 1e-05 1e-05 0.95181 1e-05 0.04813 1e-05
1e-05 1e-05 1e-05 1e-05 0.955318 1e-05 0.044622 1e-05
1e-05 0.01068 1e-05 1e-05 0.867087 0.004111 0.118082 1e-05
1e-05 0.692846 1e-05 0.113126 0.008862 0.171124 1e-05 0.014012
0.005649 0.400754 0.022283 0.066536 1e-05 0.496018 1e-05 0.008741
1e-05 0.139498 0.028077 1e-05 0.024623 0.732382 0.04823 0.027169
0.022019 0.333274 0.018433 0.021162 0.000504 0.580996 0.023602 1e-05
1e-05 0.275807 0.021813 0.006133 0.298008 0.239341 0.14883 0.010057
1e-05 0.710875 1e-05 0.086902 0.040175 0.162007 1e-05 1e-05
0.017464 0.253679 0.021736 0.006096 0.276841 0.207882 0.198825 0.017477
1e-05 0.404836 0.025647 0.025136 1e-05 0.516862 0.015602 0.011897
0.009585 0.249925 0.007621 0.015582 0.032729 0.664612 0.013455 0.006491
0.014448 0.253406 1e-05 0.001584 0.012985 0.675886 0.03314 0.00854
0.035438 0.326969 1e-05 1e-05 0.003332 0.58728 0.037415 0.009547
1e-05 0.362065 0.023842 0.007268 1e-05 0.546759 0.053838 0.006208
1e-05 0.34688 0.016453 1e-05 1e-05 0.604378 0.032249 1e-05
0.009544 0.336674 0.036785 0.010511 1e-05 0.563873 0.040163 0.00244
0.011467 0.331223 0.047695 0.018244 1e-05 0.580255 0.011097 1e-05
0.009893 0.267559 0.026059 0.006254 0.072871 0.528017 0.059212 0.030135
0.023826 0.299978 1e-05 0.01036 0.066246 0.52369 0.07279 0.003099
1e-05 1e-05 1e-05 1e-05 0.913402 0.009551 0.073763 0.003243
1e-05 1e-05 1e-05 1e-05 0.993317 0.00506 0.001573 1e-05
0.002037 1e-05 0.006426 1e-05 0.96686 1e-05 0.023973 0.000673
0.001852 0.005673 1e-05 1e-05 0.869834 0.019502 0.103109 1e-05
1e-05 6.4e-05 1e-05 0.993017 0.005674 0.000901 1e-05 0.000314
1e-05 1.1e-05 1e-05 1e-05 0.972681 1e-05 0.025942 0.001326
0.012151 1e-05 0.006006 0.001495 0.876037 1e-05 0.081763 0.022529
1e-05 1e-05 1e-05 1e-05 0.957709 1e-05 0.029118 0.013124
1e-05 0.012216 0.005699 1e-05 0.650362 0.006139 0.325554 1e-05
0.019931 0.023901 1e-05 0.004287 0.793919 0.011093 0.146848 1e-05
1e-05 1e-05 1e-05 0.000709 0.560652 1e-05 0.43859 1e-05
1e-05 0.013556 0.001779 1e-05 0.754592 0.005573 0.224469 1e-05
0.028724 0.250851 1e-05 0.01337 0.344952 0.167754 0.194328 1e-05
1e-05 1e-05 1e-05 7e-04 0.943999 1e-05 0.04728 0.007982
1e-05 1e-05 0.010512 1e-05 0.91841 1e-05 0.071028 1e-05
0.004811 0.012352 0.013598 1e-05 0.631584 0.034174 0.297627 0.005844
0.010293 0.028439 0.01586 1e-05 0.69787 0.00059 0.246928 1e-05
0.011976 0.039007 1e-05 1e-05 0.71116 1e-05 0.23727 0.000556
1e-05 0.28616 0.041793 0.003426 0.326416 0.177102 0.165083 1e-05
1e-05 1e-05 1e-05 0.002355 0.918799 0.003793 0.075012 1e-05
1e-05 1e-05 1e-05 1e-05 0.864392 1e-05 0.118985 0.016573
0.006198 1e-05 1e-05 1e-05 0.949249 0.002226 0.042287 1e-05
0.002979 0.022078 1e-05 0.005606 0.651602 0.02204 0.295675 1e-05
0.002729 0.023231 1e-05 1e-05 0.727259 0.016263 0.230489 1e-05
1e-05 1e-05 0.010238 1e-05 0.754471 1e-05 0.230453 0.004798
1e-05 0.037416 0.016401 1e-05 0.675334 0.016069 0.240712 0.014048
0.009657 0.240025 0.007313 0.001346 0.374698 0.174527 0.187183 0.005251
1e-05 0.674431 1e-05 0.101158 0.019395 0.202791 1e-05 0.002194
1e-05 0.711192 1e-05 0.096618 0.002597 0.165562 0.020707 0.003304
0.009693 0.429726 1e-05 0.02666 1e-05 0.518188 0.009039 0.006673
0.017234 0.363148 0.011273 0.051106 1e-05 0.549804 1e-05 0.007416
0.003357 0.382955 0.026132 0.008369 1e-05 0.571978 0.007189 1e-05
1e-05 0.407871 0.016295 0.014314 1e-05 0.546694 0.014797 1e-05
0.011232 0.33485 1e-05 0.040951 1e-05 0.597514 0.015423 1e-05
0.040714 0.228963 1e-05 0.013455 0.325964 0.173878 0.217006 1e-05
1e-05 0.236264 0.014489 0.005015 0.301441 0.233996 0.207891 0.000895
1e-05 0.415794 0.018325 0.033125 1e-05 0.520731 1e-05 0.011995
1e-05 0.416143 0.007628 0.08115 1e-05 0.46638 0.026741 0.001938
0.010588 0.290626 0.033884 1e-05 1e-05 0.612882 0.031388 0.020612
1e-05 0.355441 0.032488 0.009064 0.00674 0.538949 0.0482 0.009108
0.016013 0.352117 0.018405 0.005314 1e-05 0.579526 0.028606 1e-05
1e-05 0.36432 0.040435 1e-05 1e-05 0.54992 0.043249 0.002046
0.029308 0.348475 1e-05 1e-05 1e-05 0.575263 0.046914 1e-05
0.000689 0.211073 0.020585 1e-05 0.071056 0.611372 0.060368 0.024847
0.009154 0.258988 0.029556 1e-05 0.066431 0.556574 0.058543 0.020743
1e-05 1e-05 1e-05 1e-05 0.919574 1e-05 0.080366 1e-05
1e-05 1e-05 0.004575 1e-05 0.995364 1e-05 1.1e-05 1e-05
1e-05 1e-05 1e-05 1e-05 0.928436 1e-05 0.071504 1e-05
1e-05 0.033609 1e-05 0.003453 0.836251 0.002646 0.112821 0.011199
0.017734 0.237283 0.007896 1e-05 0.307438 0.218053 0.211577 1e-05
0.020415 0.387387 0.003842 0.019156 0.162255 0.288762 0.109892 0.00829
0.021079 0.282698 0.003115 0.054539 0.013367 0.596686 0.024538 0.003976
1e-05 0.40317 0.037191 0.018925 1e-05 0.523415 0.010705 0.006575
0.026217 0.262249 0.024466 0.018347 0.014236 0.643103 0.002838 0.008545
0.005848 0.327596 0.027157 0.004636 1e-05 0.61165 0.023094 1e-05
1e-05 0.312106 0.022849 0.007607 0.01722 0.582479 0.055587 0.002141
0.007783 0.365263 0.020468 0.014344 1e-05 0.541282 0.04256 0.008291
0.015971 0.370759 0.002833 1e-05 1e-05 0.55672 0.053687 1e-05
1e-05 0.309674 0.044566 1e-05 1e-05 0.635606 0.010114 1e-05
0.001632 0.247189 0.03828 1e-05 0.073873 0.564864 0.070073 0.00408
0.004802 0.256297 0.027354 0.012651 0.066545 0.557572 0.066877 0.007902
1e-05 0.008963 0.005879 1e-05 0.921008 1e-05 0.060741 0.003379
1e-05 1e-05 1e-05 1e-05 0.958733 1e-05 0.041188 2.9e-05
1e-05 0.01361 1e-05 0.011705 0.847622 0.017947 0.109087 1e-05
1e-05 1e-05 0.002032 1e-05 0.951367 1e-05 0.038203 0.008358
0.001092 1e-05 1e-05 1e-05 0.793642 0.009697 0.172167 0.023371
1e-05 1e-05 1e-05 1e-05 0.95143 1e-05 0.037475 0.011045
1e-05 0.002631 1e-05 0.001215 0.513763 1e-05 0.482351 1e-05
1e-05 0.026382 0.010982 1e-05 0.660668 1e-05 0.295589 0.00635
0.009431 0.021171 1e-05 0.009883 0.723512 0.002933 0.23305 1e-05
0.031823 0.261798 1e-05 1e-05 0.315617 0.210614 0.180118 1e-05
0.024042 0.245268 0.018688 0.00746 0.285566 0.209911 0.204655 0.00441
1e-05 0.390261 0.00668 0.043509 1e-05 0.541737 0.017784 1e-05
0.005682 0.398507 0.023198 0.027185 1e-05 0.521307 0.022657 0.001454
0.006902 0.249602 0.021593 0.002485 0.03381 0.640312 0.035282 0.010013
0.002657 0.241803 0.020074 0.015795 0.023891 0.649026 0.023841 0.022912
0.040306 0.325963 0.008674 1e-05 1e-05 0.582614 0.016515 0.025909
0.037279 0.299848 0.011468 1e-05 0.006643 0.590572 0.040542 0.013636
0.000689 0.330771 0.01893 0.005762 1e-05 0.606415 0.037315 0.000107
1e-05 0.369796 0.028687 1e-05 1e-05 0.583926 0.015484 0.002078
0.045628 0.277019 1e-05 0.00344 0.059901 0.538448 0.07091 0.004645
1e-05 1e-05 0.009012 1e-05 0.897786 1e-05 0.092241 0.00092
1e-05 1e-05 1e-05 1e-05 0.967833 1e-05 0.022701 0.009416
1e-05 1e-05 5.7e-05 1e-05 0.973933 0.002477 0.018328 0.005174
1e-05 0.018786 0.01292 1e-05 0.850519 0.002308 0.115436 1e-05
1e-05 1e-05 1e-05 1e-05 0.944007 1e-05 0.047667 0.008276
1e-05 1e-05 0.015524 1e-05 0.814675 0.022961 0.120406 0.026403
1e-05 1e-05 1e-05 1e-05 0.95555 1e-05 0.044334 6.7e-05
0.002914 0.01267 1e-05 0.005656 0.656982 1e-05 0.321748 1e-05
1e-05 1e-05 1e-05 0.000131 0.579384 0.014393 0.40517 0.000892
1e-05 0.006765 1e-05 0.00082 0.735828 1e-05 0.245497 0.011059
0.026495 0.227647 0.002936 1e-05 0.326062 0.133285 0.27168 0.011884
0.005869 0.398292 0.020462 0.063078 0.004189 0.494111 0.007638 0.006361
0.007163 0.370302 0.002199 0.052267 1e-05 0.532896 0.035153 1e-05
1e-05 0.33709 0.016102 0.028935 0.002811 0.575633 0.028821 0.010598
0.033937 0.285285 1e-05 0.000866 0.026882 0.610269 0.027321 0.015431
0.010847 0.283226 0.005625 1e-05 1e-05 0.65627 0.041818 0.002195
0.004365 0.383972 0.028381 1e-05 1e-05 0.518974 0.064279 1e-05
0.021309 0.388048 1e-05 0.017032 1e-05 0.560955 1e-05 0.012627
0.044467 0.345696 1e-05 0.002291 1e-05 0.562152 0.038107 0.007268
1e-05 0.354102 0.031708 1e-05 1e-05 0.592543 0.021607 1e-05
0.001851 0.266547 0.015706 1e-05 0.071133 0.569726 0.069906 0.005122
0.041694 0.230123 0.005248 0.001991 0.047822 0.566525 0.074316 0.032282
1e-05 0.000473 1e-05 1e-05 0.895915 0.014392 0.087389 0.001802
1e-05 1e-05 1e-05 1e-05 0.989274 1e-05 0.010666 1e-05
1e-05 1e-05 0.004003 0.001767 0.967603 0.000592 0.023424 0.00259
0.018705 0.006848 1e-05 1e-05 0.827398 0.020944 0.122076 0.004009
1e-05 1e-05 1e-05 1e-05 0.908341 1e-05 0.091599 1e-05
0.009861 0.00155 1e-05 1.7e-05 0.849842 0.008036 0.112372 0.018312
1e-05 1e-05 1e-05 1e-05 0.952591 1e-05 0.040102 0.007257
1e-05 1e-05 1e-05 1e-05 0.387145 1e-05 0.612795 1e-05
1e-05 0.033336 1e-05 0.002853 0.715947 1e-05 0.241494 0.00634
0.015593 0.07803 1e-05 0.005042 0.725172 0.009062 0.164216 0.002876
8.8e-05 0.316978 0.037717 1e-05 0.279715 0.210696 0.135953 0.018842
0.018085 0.240435 0.014115 0.000602 0.280036 0.270018 0.166922 0.009786
0.01585 0.375666 0.009096 0.06399 1e-05 0.52685 0.00558 0.002958
1e-05 0.393968 0.021618 0.051472 0.000189 0.516675 0.009043 0.007025
0.007922 0.27107 0.032277 0.017218 0.002642 0.649271 0.019591 1e-05
0.005653 0.192252 0.035992 0.010932 1e-05 0.719501 0.015042 0.020617
0.035822 0.380257 1e-05 0.010495 1e-05 0.53087 0.035049 0.007487
0.008668 0.396888 0.024794 0.006478 1e-05 0.512049 0.048013 0.0031
0.004492 0.344159 0.04379 1e-05 1e-05 0.587848 0.019681 1e-05
1e-05 0.374621 0.037786 1e-05 0.000622 0.570197 0.016745 1e-05
0.006132 0.356488 0.028261 0.002538 1e-05 0.562037 0.039245 0.00529
0.011817 0.272988 0.035333 0.009862 0.059554 0.530428 0.080007 1e-05
0.014542 0.261505 0.014461 0.005875 0.035082 0.56878 0.078496 0.02126
1e-05 1e-05 0.008914 0.002621 0.882039 1e-05 0.105628 0.000768
1e-05 0.005779 0.010131 1e-05 0.928705 1e-05 0.047211 0.008145
0.012695 1e-05 1e-05 1e-05 0.983084 1e-05 0.004171 1e-05
1e-05 0.01423 0.004718 1.2e-05 0.83799 0.004699 0.136463 0.001878
1e-05 1e-05 0.00556 1e-05 0.913346 1.3e-05 0.073627 0.007423
1e-05 1e-05 1e-05 1e-05 0.94632 1e-05 0.043488 0.010142
1e-05 0.023027 1e-05 1e-05 0.664681 1e-05 0.308975 0.003277
1e-05 0.011781 1e-05 1e-05 0.645107 0.010788 0.32696 0.005333
1e-05 0.033502 0.003036 0.00089 0.715017 0.016497 0.231037 1e-05
0.004601 1e-05 1e-05 1e-05 0.584689 1e-05 0.41066 1e-05
1e-05 1e-05 1e-05 1e-05 0.966525 0.021165 1e-05 0.01226
1e-05 0.258739 0.016866 0.022399 0.302474 0.186749 0.212752 1e-05
0.017527 0.376661 0.004363 0.02 1e-05 0.578926 1e-05 0.002505
1e-05 0.31498 0.012793 0.00516 0.009995 0.58887 0.045995 0.022196
0.001784 0.347701 0.05924 1e-05 1e-05 0.535024 0.05375 0.002481
0.013308 0.353561 0.029145 0.001545 1e-05 0.55189 0.034028 0.016512
1e-05 0.283437 0.058966 0.00365 0.065879 0.53185 0.046914 0.009294
0.032634 0.261759 1e-05 1e-05 0.064416 0.574333 0.066828 1e-05
1e-05 1e-05 1e-05 1.3e-05 0.953671 1e-05 0.037752 0.008524
1e-05 1e-05 1e-05 1e-05 0.954181 1e-05 0.045759 1e-05
1e-05 1e-05 1e-05 1e-05 0.947728 1e-05 0.049472 0.00275
1e-05 1e-05 1e-05 1e-05 0.945575 1e-05 0.036517 0.017858
1e-05 0.401028 0.022773 0.037616 1e-05 0.53072 0.007833 1e-05
1e-05 1e-05 0.004747 1e-05 0.84442 1e-05 0.132934 0.017859
1e-05 1e-05 1e-05 1e-05 0.94202 1e-05 0.057464 0.000466
1e-05 0.015426 1e-05 1e-05 0.492531 1e-05 0.491993 1e-05
0.004893 0.018875 0.006592 1e-05 0.64766 0.005183 0.316777 1e-05
0.009083 0.002595 0.003366 0.003155 0.609058 1e-05 0.364657 0.008076
0.018463 0.314097 1e-05 1e-05 0.262466 0.242949 0.156826 0.005179
1e-05 1e-05 1e-05 1e-05 0.970815 0.012632 1e-05 0.016503
0.01927 0.369182 1e-05 0.070219 1e-05 0.51835 0.019614 0.003346
1e-05 0.424332 0.014301 0.02574 1e-05 0.52776 1e-05 0.007838
1e-05 0.245813 0.009049 0.079785 0.009382 0.619489 0.019011 0.01746
0.031678 0.288821 1e-05 0.003774 0.016812 0.618114 0.032085 0.008708
0.028051 0.36872 0.012961 0.012965 0.010343 0.514116 0.031203 0.02164
1e-05 0.341359 0.009058 1e-05 1e-05 0.595059 0.053479 0.001016
1e-05 0.416201 0.009251 0.059884 0.013339 0.501295 1e-05 1e-05
1e-05 0.254623 0.019572 0.01936 1e-05 0.644504 0.03091 0.031011
0.020323 0.358423 0.013869 0.016185 0.015331 0.533222 0.035959 0.006689
0.012431 0.335865 0.006902 0.004365 0.022628 0.558007 0.050509 0.009291
1e-05 1e-05 0.007048 1e-05 0.957854 1e-05 0.030199 0.00486
0.015909 0.005884 1e-05 0.001903 0.610424 1e-05 0.365849 1e-05
1e-05 1e-05 1e-05 1e-05 0.830844 0.011034 0.127 0.031082
1e-05 1e-05 1e-05 1e-05 0.926082 1e-05 0.045768 0.0281
1e-05 0.018283 1e-05 1e-05 0.574036 0.016581 0.391059 1e-05
1e-05 0.02797 0.012964 0.002717 0.738316 0.006851 0.211162 1e-05
1e-05 0.189835 0.009869 0.005524 0.561764 0.017972 0.207216 0.00781
1e-05 0.283084 0.034404 0.002572 0.316599 0.184618 0.178703 1e-05
1e-05 1e-05 0.016828 1e-05 0.957169 0.004873 1e-05 0.02109
0.024798 0.350821 0.008738 0.001788 1e-05 0.563201 0.050634 1e-05
0.038641 0.231749 0.003824 0.01321 0.055335 0.565392 0.072677 0.019171
0.022473 0.256299 1e-05 1e-05 0.074348 0.570909 0.058371 0.01758
0.026264 0.268616 0.00803 1e-05 0.055414 0.555854 0.07487 0.010942
1e-05 1e-05 1e-05 0.00126 0.992417 1e-05 0.006273 1e-05
1e-05 1e-05 1e-05 1e-05 0.960387 1e-05 0.039553 1e-05
6.6e-05 1e-05 1e-05 1e-05 0.924176 1e-05 0.075707 1e-05
1e-05 1e-05 0.006235 1e-05 0.951812 1e-05 0.030911 0.011002
1e-05 1e-05 1e-05 1e-05 0.835234 1e-05 0.142135 0.02258
1e-05 1e-05 1e-05 1e-05 0.45637 1e-05 0.54357 1e-05
1e-05 0.032353 1e-05 0.001073 0.626899 0.006836 0.332809 1e-05
1e-05 0.048258 0.009351 1e-05 0.73856 1e-05 0.20379 1e-05
0.00335 0.011964 1e-05 0.000481 0.689309 0.008381 0.286494 1e-05
0.002894 0.016149 1e-05 1e-05 0.762178 0.006854 0.205362 0.006543
1e-05 1e-05 0.000571 1e-05 0.968408 0.009827 1e-05 0.021154
0.002951 1e-05 1e-05 0.004546 0.860289 1e-05 0.12024 0.011945
1e-05 1e-05 0.002962 1e-05 0.918694 1e-05 0.061282 0.017022
0.007796 0.016924 1e-05 1e-05 0.602256 1e-05 0.368095 0.0049
1e-05 0.020832 1e-05 1e-05 0.656701 0.015679 0.298654 0.008104
0.013398 0.001397 1e-05 0.01533 0.697728 4.5e-05 0.268391 0.003701
0.013551 0.299646 1e-05 0.012772 0.299124 0.197924 0.16844 0.008533
1e-05 1e-05 1e-05 1e-05 0.97293 1e-05 1e-05 0.02701
1e-05 1e-05 1e-05 1e-05 0.985241 0.007095 1e-05 0.007613
1e-05 0.0039 1e-05 0.003787 0.940283 0.007778 0.026042 0.018191
1e-05 1e-05 0.006625 1e-05 0.984223 1e-05 1e-05 0.009101
0.00409 0.024065 1e-05 0.011986 0.73196 0.052945 0.174933 1e-05
1e-05 0.044544 0.000858 0.001241 0.321824 0.028914 0.59553 0.007079
0.001314 0.105189 0.001037 1e-05 0.30276 0.016782 0.563904 0.009004
1e-05 1e-05 1e-05 1e-05 0.839598 1e-05 0.160342 1e-05
1e-05 1e-05 1e-05 1e-05 0.84141 1e-05 0.15853 1e-05
0.006853 1e-05 1e-05 1e-05 0.831486 1e-05 0.161611 1e-05
1e-05 1e-05 0.001107 0.010199 0.938061 0.020988 0.005941 0.023684
1e-05 1e-05 1e-05 1e-05 1e-05 1e-05 1e-05 0.99993
1e-05 1e-05 1e-05 1e-05 1e-05 1e-05 1e-05 0.99993
1e-05 1e-05 1e-05 1e-05 0.255624 1e-05 1e-05 0.744316
1e-05 1e-05 1e-05 1e-05 0.234888 1e-05 1e-05 0.765052
0.011333 0.891699 1e-05 1e-05 0.003837 0.041287 0.03679 0.015033
0.000124 0.865878 0.025442 1e-05 1e-05 0.043242 0.053971 0.011322
0.013683 0.931197 1e-05 0.006554 0.000728 1e-05 0.035282 0.012535
0.001102 0.932266 0.024972 0.002083 0.015052 0.006467 0.009319 0.008738
1e-05 0.924961 1e-05 0.021065 0.038031 1e-05 1e-05 0.015903
1e-05 0.934395 1e-05 0.019673 0.026704 0.014994 1e-05 0.004205
1e-05 0.900069 1e-05 0.030359 0.029164 0.020088 1e-05 0.020291
1e-05 0.872012 1e-05 0.001791 0.021053 0.04938 0.038884 0.01686
0.040713 0.874799 0.000475 1e-05 1e-05 0.040589 0.043208 0.000196
0.010294 0.886342 1e-05 1e-05 1e-05 0.015227 0.05683 0.031278
1e-05 1e-05 0.001857 1e-05 0.977198 0.005596 1e-05 0.015309
1e-05 1e-05 0.00326 0.002113 0.93954 1e-05 0.051428 0.003629
0.01611 0.050589 0.012918 0.003444 0.71309 0.024957 0.171244 0.007648
1e-05 0.078295 1e-05 1e-05 0.3318 0.019822 0.570042 1e-05
1e-05 1e-05 1e-05 1e-05 0.846449 1e-05 0.153491 1e-05
1e-05 1e-05 1e-05 1e-05 0.83679 1e-05 0.1529 0.010261
1e-05 1e-05 0.017479 1e-05 0.801523 0.141721 1e-05 0.039236
1e-05 1e-05 1e-05 1e-05 1e-05 1e-05 1e-05 0.99993
1e-05 1e-05 1e-05 1e-05 1e-05 1e-05 1e-05 0.99993
1e-05 1e-05 1e-05 1e-05 0.206202 1e-05 1e-05 0.793738
1e-05 0.886067 0.017251 1e-05 0.014509 0.046165 0.028966 0.007024
0.008878 0.868744 0.018799 1e-05 0.015479 0.054089 0.030546 0.003456
0.01419 0.011083 0.008416 1e-05 0.634591 0.000758 0.329444 0.001509
0.004102 0.922834 0.004423 1e-05 0.024268 1e-05 0.034833 0.00952
0.004995 0.909577 1e-05 1e-05 1e-05 0.027364 0.04324 0.014794
0.0156 0.922461 1e-05 0.017921 0.02697 1e-05 0.00815 0.008878
1e-05 0.923804 0.000245 0.026502 0.049409 1e-05 1e-05 1e-05
1e-05 0.934863 1e-05 0.025466 0.019803 1e-05 1.1e-05 0.019827
1e-05 0.888973 0.007911 0.001815 0.022383 0.037892 0.032074 0.008942
0.005159 0.869836 1e-05 1e-05 1e-05 0.038557 0.06786 0.018558
0.005095 0.86905 1e-05 1e-05 1e-05 0.04769 0.060682 0.017453
1e-05 1e-05 1e-05 1e-05 0.972034 0.008634 1e-05 0.019282
1e-05 0.001404 1e-05 1e-05 0.862297 0.024464 0.106435 0.00537
0.010669 0.022904 1e-05 1e-05 0.778107 0.022317 0.16219 0.003793
1e-05 0.102621 0.009062 0.00269 0.323429 1e-05 0.554414 0.007764
1e-05 0.030011 1e-05 1e-05 0.32042 0.027799 0.618927 0.002813
1e-05 1e-05 0.005449 1e-05 0.803983 1e-05 0.185157 0.005371
1e-05 1e-05 1e-05 1e-05 0.831791 1e-05 0.167297 0.000862
1e-05 1e-05 1e-05 1e-05 0.818253 1e-05 0.181687 1e-05
1e-05 0.010417 0.01033 0.011723 0.862143 0.08065 1e-05 0.024716
1e-05 1e-05 1e-05 1e-05 1e-05 1e-05 1e-05 0.99993
1e-05 1e-05 0.000599 1e-05 0.22761 1e-05 0.013354 0.758396
1e-05 0.870986 0.025836 1e-05 1e-05 0.062881 0.025876 0.014391
1e-05 0.864503 0.023694 0.010601 1e-05 0.047435 0.050547 0.003199
0.008739 0.859584 0.017748 1e-05 1e-05 0.04131 0.05589 0.016709
0.02276 0.910622 1e-05 0.001492 0.040585 1e-05 0.01532 0.009201
1e-05 0.896098 0.029044 1e-05 0.03164 1e-05 0.019137 0.024051
1e-05 0.937653 0.002737 0.025837 0.028113 1e-05 1e-05 0.00563
1e-05 0.933133 1e-05 0.006081 0.041719 1e-05 1e-05 0.019026
1e-05 0.874145 0.012209 1e-05 0.029617 0.044379 0.033424 0.006206
0.025992 0.850575 1e-05 0.013086 0.007287 0.082157 0.020883 1e-05
0.009528 0.86249 0.015377 1e-05 1e-05 0.045792 0.04935 0.017443
0.020135 0.852218 0.008098 1e-05 1e-05 0.037456 0.053546 0.028529
0.008722 1e-05 1e-05 0.001492 0.958517 0.018311 1e-05 0.012928
1e-05 1e-05 0.010468 1e-05 0.924614 0.000779 0.028976 0.035133
3.9e-05 1e-05 0.002004 1e-05 0.827285 0.028575 0.130588 0.011488
1e-05 0.058049 0.013478 0.003211 0.713527 0.036214 0.17016 0.005351
1e-05 0.054189 1e-05 1e-05 0.337375 0.039788 0.565777 0.00284
1e-05 1e-05 1e-05 1e-05 0.81264 1e-05 0.174629 0.012681
1e-05 1e-05 0.004825 1e-05 0.812101 1e-05 0.172068 0.010966
1e-05 1e-05 1e-05 1e-05 0.848091 1e-05 0.145743 0.006116
1e-05 0.009202 0.015927 0.00829 0.76059 0.168753 1e-05 0.037218
1e-05 1e-05 1e-05 1e-05 1e-05 1e-05 1e-05 0.99993
1e-05 1e-05 0.000262 1e-05 0.221423 1e-05 1e-05 0.778265
1e-05 0.868415 0.025738 1e-05 0.019013 0.056864 0.01429 0.01566
1e-05 0.88677 0.003391 0.005153 0.018896 0.042031 0.032368 0.011381
1e-05 0.859258 1e-05 0.011783 0.003887 0.078261 0.027722 0.019069
1e-05 0.320701 0.044432 0.001964 0.059628 0.480237 0.074783 0.018245
0.005471 0.25313 0.051049 1e-05 0.028011 0.580126 0.076355 0.005848
1e-05 0.007393 0.014858 1e-05 0.882477 0.004116 0.08825 0.002885
1e-05 1e-05 1e-05 1e-05 0.963888 1e-05 0.019854 0.016207
1e-05 0.009782 1e-05 0.006852 0.840639 0.004913 0.137784 1e-05
1e-05 0.672259 1e-05 0.109275 0.025335 0.193091 1e-05 1e-05
1e-05 1e-05 0.007581 0.004229 0.972847 1e-05 1e-05 0.015302
0.004429 1e-05 1e-05 1e-05 0.94984 1e-05 0.045682 1e-05
1e-05 0.007903 1e-05 1e-05 0.854074 1e-05 0.111823 0.026159
1e-05 0.049818 0.009898 0.001476 0.750113 0.038759 0.142935 0.006992
0.002576 0.131516 1e-05 0.004601 0.28721 0.025446 0.54863 1e-05
1e-05 0.033318 1e-05 0.008711 0.312294 0.029004 0.616643 1e-05
1e-05 1e-05 0.002255 1e-05 0.857905 1e-05 0.138959 0.000841
1e-05 1e-05 1e-05 1e-05 0.830115 1e-05 0.169825 1e-05
1e-05 1e-05 0.002684 1e-05 0.812295 1e-05 0.170637 0.014344
1e-05 1e-05 0.012673 0.010582 0.874316 0.07074 1e-05 0.031658
1e-05 1e-05 1e-05 1e-05 1e-05 1e-05 1e-05 0.99993
1e-05 1e-05 1e-05 1e-05 0.211511 1e-05 1e-05 0.788429
1e-05 1e-05 1e-05 1e-05 0.21462 1e-05 1e-05 0.78532
1e-05 0.860989 0.03384 0.002988 1e-05 0.049548 0.040838 0.011777
0.011829 0.878573 0.030536 0.002189 0.00968 0.047559 0.018965 0.00067
0.01049 0.870785 0.025054 1e-05 0.015352 0.034712 0.026443 0.017153
1e-05 1e-05 1e-05 1e-05 0.972342 1e-05 0.027598 1e-05
1e-05 1e-05 0.005261 0.006597 0.860604 0.014105 0.096025 0.017389
0.031199 0.05369 1e-05 1e-05 0.330207 0.010441 0.561847 0.012596
1e-05 0.020498 1e-05 1e-05 0.325798 0.04417 0.609494 1e-05
1e-05 1e-05 1e-05 1e-05 0.844212 1e-05 0.155208 0.00053
0.006555 1e-05 0.009014 1e-05 0.923626 0.006396 0.022541 0.031848
1e-05 1e-05 1e-05 1e-05 0.96827 1e-05 0.024541 0.007139
1e-05 1e-05 1e-05 1e-05 0.848647 0.007287 0.128791 0.015236
1e-05 0.031708 1e-05 1e-05 0.778644 0.03314 0.148682 0.007795
1e-05 0.029802 0.014711 0.000834 0.327478 0.030453 0.596703 1e-05
1e-05 0.046954 1e-05 0.008081 0.353452 0.004762 0.578276 0.008455
1e-05 1e-05 1e-05 1e-05 0.827251 1e-05 0.172689 1e-05
