1e-05 1e-05 1e-05 1e-05 0.276244 1e-05 1e-05 1e-05 1e-05 1e-05 0.723636 1e-05 1e-05 1e-05
1e-05 1e-05 1e-05 1e-05 0.267766 1e-05 1e-05 1e-05 1e-05 1e-05 0.732114 1e-05 1e-05 1e-05
1e-05 1e-05 1e-05 1e-05 0.312814 1e-05 1.2e-05 1e-05 1e-05 1e-05 0.687064 1e-05 1e-05 1e-05
1e-05 1e-05 1e-05 1e-05 0.014736 1e-05 1e-05 1e-05 1e-05 1e-05 0.985144 1e-05 1e-05 1e-05
1e-05 1e-05 0.002542 1e-05 0.970961 0.004253 1e-05 0.013083 1e-05 1e-05 0.006801 1e-05 1e-05 0.00228
1e-05 1e-05 0.007174 1e-05 0.948144 1e-05 1e-05 0.00296 1e-05 1e-05 0.036604 1e-05 0.002836 0.002202
1e-05 1e-05 1e-05 1e-05 0.984121 1e-05 1e-05 1e-05 1e-05 1e-05 0.015759 1e-05 1e-05 1e-05
1e-05 1e-05 1e-05 1e-05 0.301138 1e-05 1e-05 1e-05 1e-05 1e-05 0.698742 1e-05 1e-05 1e-05
1e-05 1e-05 1e-05 1e-05 0.307376 1e-05 1e-05 1e-05 1e-05 1e-05 0.692504 1e-05 1e-05 1e-05
1e-05 1e-05 1e-05 1e-05 1e-05 1e-05 1e-05 1e-05 1e-05 1e-05 0.99987 1e-05 1e-05 1e-05
1e-05 1e-05 0.010882 1.7e-05 0.96156 1e-05 1e-05 1e-05 0.005971 1e-05 0.021479 1e-05 1e-05 1e-05
1e-05 1e-05 0.014591 1e-05 0.954376 1e-05 0.005933 0.004379 1e-05 1e-05 0.01857 1e-05 1e-05 0.00207
1e-05 1e-05 1e-05 1e-05 0.960846 1e-05 1e-05 1e-05 1e-05 1e-05 0.039034 1e-05 1e-05 1e-05
1e-05 1e-05 1e-05 1e-05 0.982223 1e-05 1e-05 1e-05 1e-05 1e-05 0.017657 1e-05 1e-05 1e-05
1e-05 1e-05 0.02081 1e-05 0.809363 1e-05 1e-05 1e-05 0.009471 1e-05 0.160256 1e-05 1e-05 1e-05
1e-05 1e-05 1e-05 1e-05 0.011071 1e-05 1e-05 1e-05 1e-05 1e-05 0.982717 1e-05 1e-05 0.006102
1e-05 1e-05 1e-05 1e-05 0.834624 1e-05 1e-05 0.004942 0.000695 1e-05 0.159639 1e-05 1e-05 1e-05
1e-05 1e-05 0.576918 0.113133 0.197254 1e-05 1e-05 0.001883 1e-05 0.069484 1e-05 0.015816 0.000799 0.024651
1e-05 0.003839 0.593034 0.109157 0.238353 1e-05 0.001497 0.012875 0.012221 1e-05 0.004642 1e-05 1e-05 0.024331
0.021702 1e-05 0.585458 0.068052 0.170574 1e-05 1e-05 1e-05 1e-05 0.121356 0.010631 0.001963 0.010487 0.009729
1e-05 1e-05 0.759423 1e-05 0.056413 1e-05 0.019357 0.006538 1e-05 0.112246 0.032028 0.006242 1.1e-05 0.007692
1e-05 1e-05 0.586879 0.074412 0.130568 1e-05 0.011152 0.012504 1e-05 0.145576 0.008585 0.017655 0.01262 1e-05
0.000642 1e-05 0.5729 0.10323 0.111707 0.009392 0.011779 1e-05 0.034595 0.146533 0.009172 1e-05 1e-05 1e-05
1e-05 1e-05 0.646255 0.109939 1e-05 1e-05 0.002513 1e-05 1e-05 0.178894 0.036282 0.022454 1e-05 0.003593
1e-05 1e-05 0.615746 0.132455 0.03105 0.024228 1e-05 1e-05 1e-05 0.169763 0.014981 1e-05 0.011707 1e-05
0.005822 1e-05 0.710121 0.025503 0.013798 1e-05 0.011146 0.003142 1e-05 0.191089 0.007535 0.018623 0.007898 0.005293
1e-05 1e-05 0.652782 0.1069 1e-05 0.002384 0.004485 1e-05 1e-05 0.167698 0.029286 0.021517 0.014888 1e-05
1e-05 1e-05 0.672486 0.03718 0.058341 0.006025 1e-05 0.008194 1e-05 0.172517 0.0061 0.025249 0.005515 0.008354
0.004399 1e-05 0.665319 0.051906 0.040201 1e-05 0.007883 1e-05 1e-05 0.175151 0.035953 0.004553 1e-05 0.014584
1e-05 1e-05 0.632419 0.085139 0.062603 1e-05 0.010095 0.008125 0.004856 0.162073 0.010782 0.005704 1e-05 0.018165
1e-05 1e-05 0.64144 0.069247 0.068642 1e-05 0.00642 0.030181 1e-05 0.129435 0.019378 0.009021 0.017678 0.008519
1e-05 1e-05 0.600799 0.094254 0.056714 1e-05 1e-05 0.01149 0.009328 0.171608 0.031777 0.012763 0.009824 0.001402
0.00255 1e-05 0.271827 0.125977 1e-05 0.024033 0.02283 1e-05 1e-05 0.535266 1e-05 0.009225 1e-05 0.008233
1e-05 0.008578 0.263883 0.076564 0.008782 0.00835 0.006791 0.023158 1e-05 0.559164 0.018943 0.007437 0.014623 0.003708
1e-05 1e-05 0.233607 0.114107 0.010293 0.012526 0.011757 0.01121 1e-05 0.582712 0.009027 0.014711 1e-05 1e-05
1e-05 0.034509 0.241 0.188151 1e-05 1e-05 0.000111 0.001545 1e-05 0.498217 0.005498 1e-05 0.030911 1e-05
1e-05 0.027628 0.135799 0.108747 0.003231 0.031329 0.0013 1e-05 0.2549 0.207817 0.001319 0.005251 0.222648 1e-05
1e-05 1e-05 1e-05 1e-05 0.986859 1e-05 1e-05 1e-05 1e-05 1e-05 0.013021 1e-05 1e-05 1e-05
1e-05 0.006906 0.057886 0.000285 0.745211 1e-05 1e-05 1e-05 1e-05 0.003604 0.178931 0.004507 1e-05 0.002608
1e-05 1e-05 0.593686 0.086108 0.22213 1e-05 0.006035 0.004471 0.031144 0.048806 1e-05 1e-05 0.006758 0.000811
0.006753 1e-05 0.582961 0.07813 0.265165 1e-05 0.002195 0.005609 0.007865 0.022283 0.003472 0.012446 1e-05 0.013088
1e-05 1e-05 0.787232 1e-05 0.026899 1e-05 0.001773 0.003367 1e-05 0.112322 0.035391 1e-05 0.022274 0.010684
1e-05 1e-05 0.7386 1e-05 0.081041 1e-05 0.01478 1e-05 0.002738 0.093024 0.029153 0.013563 0.018669 0.008382
1e-05 0.013345 0.587124 0.089163 0.078247 0.006379 1e-05 1e-05 1e-05 0.157761 0.049625 1e-05 0.008569 0.009739
1e-05 1e-05 0.614588 0.040246 0.157636 1e-05 1e-05 1e-05 1e-05 0.106797 0.034606 0.024659 0.020051 0.001358
1e-05 1e-05 0.669322 0.0756 0.001151 0.0069 1e-05 0.017509 1e-05 0.181992 0.022431 0.020507 0.003327 0.001223
0.019248 1e-05 0.641936 0.110368 0.017321 0.025721 1e-05 0.000122 0.023049 0.149895 0.007397 1e-05 0.000946 0.003968
0.010186 1e-05 0.626829 0.120363 1e-05 1e-05 1e-05 0.012205 1e-05 0.1962 0.027312 1e-05 0.001191 0.005654
1e-05 1e-05 0.612979 0.073188 0.048485 0.017256 0.00301 1e-05 1e-05 0.205556 0.023209 0.008885 0.003614 0.00378
1e-05 1e-05 0.633716 0.092142 0.057571 1e-05 1e-05 0.00393 0.004115 0.15325 0.023419 7.9e-05 0.023298 0.008442
0.018213 1e-05 0.625882 0.092913 0.055743 1e-05 1e-05 0.005521 0.010641 0.169632 0.004124 0.003859 0.011197 0.002244
0.019208 1e-05 0.300526 0.128268 1e-05 0.019315 1e-05 0.000938 1e-05 0.485558 0.00162 0.029227 0.015292 1e-05
1e-05 1e-05 1e-05 1e-05 0.259423 1e-05 1e-05 1e-05 1e-05 1e-05 0.740457 1e-05 1e-05 1e-05
1e-05 1e-05 1e-05 1e-05 1e-05 1e-05 1e-05 1e-05 1e-05 1e-05 0.99987 1e-05 1e-05 1e-05
1e-05 1e-05 1e-05 1e-05 1e-05 1.2e-05 1e-05 1e-05 1e-05 1e-05 0.999868 1e-05 1e-05 1e-05
1e-05 1e-05 0.008192 1e-05 0.956291 1e-05 1e-05 1e-05 1e-05 0.002821 0.029159 1e-05 0.003447 1e-05
1e-05 1e-05 0.014006 1e-05 0.940054 1e-05 1e-05 1e-05 1e-05 1e-05 0.042728 1e-05 0.003112 1e-05
1e-05 1e-05 1e-05 1e-05 0.963725 1e-05 1e-05 1e-05 1e-05 1e-05 0.036155 1e-05 1e-05 1e-05
1e-05 1e-05 1e-05 1e-05 0.991804 1e-05 0.003356 1e-05 1e-05 1e-05 0.00473 1e-05 1e-05 1e-05
1e-05 1e-05 1e-05 1e-05 0.019214 1e-05 1e-05 1e-05 1e-05 1e-05 0.964837 1e-05 1e-05 0.015838
0.000126 1e-05 0.620887 0.097632 0.221553 1e-05 0.000373 1e-05 0.006358 1e-05 0.030643 0.015821 0.006557 1e-05
0.001597 1.3e-05 0.616013 0.081544 0.214233 1e-05 1e-05 0.004119 0.030946 0.016612 0.013451 1e-05 1e-05 0.021432
1e-05 1e-05 0.54767 0.11071 0.22593 1e-05 1e-05 1e-05 0.033821 0.038293 0.025349 1e-05 0.014879 0.003287
1e-05 1e-05 0.608099 0.068413 0.049027 0.025122 1e-05 1e-05 1e-05 0.169995 0.027238 0.012079 0.024203 0.015774
1e-05 1e-05 0.739241 1e-05 0.064881 0.037293 0.007177 1e-05 1e-05 0.103434 0.016676 0.008544 1e-05 0.022694
1e-05 0.002426 0.626252 0.053427 0.070912 0.009044 0.003532 0.013804 0.007379 0.156703 0.037278 0.011381 1e-05 0.007842
1e-05 1e-05 0.662023 0.08623 0.003143 1e-05 0.012951 0.004566 1e-05 0.173629 0.028933 0.017937 1e-05 0.010537
1e-05 1e-05 0.646158 0.124899 1e-05 1e-05 0.010232 0.011098 1e-05 0.14616 0.020887 0.009621 0.013085 0.017811
1e-05 1e-05 0.693355 0.052748 0.006058 0.027931 0.007388 0.00909 1e-05 0.170811 0.011329 1e-05 0.020182 0.001068
1e-05 1e-05 0.62381 0.11091 1e-05 1e-05 1e-05 0.016572 1e-05 0.186422 0.039968 0.016456 1e-05 0.005792
1e-05 1e-05 0.628502 0.065385 0.072354 0.022268 1e-05 1e-05 1e-05 0.163789 0.020848 0.011229 1e-05 0.015564
1e-05 1e-05 0.674855 0.064425 0.022176 0.012597 1e-05 0.001043 1e-05 0.141088 0.050789 0.028513 0.004465 1e-05
1e-05 1e-05 1e-05 1e-05 0.259823 1e-05 1e-05 1e-05 1e-05 1e-05 0.740057 1e-05 1e-05 1e-05
1e-05 1e-05 1e-05 1e-05 1e-05 1e-05 1e-05 1e-05 1e-05 1e-05 0.99987 1e-05 1e-05 1e-05
1e-05 1e-05 1e-05 1e-05 1e-05 1e-05 1e-05 1e-05 1e-05 1e-05 0.99987 1e-05 1e-05 1e-05
1e-05 1e-05 1e-05 0.012866 0.971046 0.000478 1e-05 1e-05 1e-05 1e-05 1e-05 1e-05 0.008885 0.006635
1e-05 1e-05 0.006721 1e-05 0.98081 1e-05 1e-05 1e-05 0.010887 1e-05 1e-05 0.001482 1e-05 1e-05
1e-05 1e-05 1e-05 1e-05 0.975832 1e-05 1e-05 1e-05 1e-05 1e-05 0.024048 1e-05 1e-05 1e-05
1e-05 1e-05 1e-05 1e-05 0.976795 1e-05 1e-05 1e-05 1e-05 1e-05 0.023085 1e-05 1e-05 1e-05
1e-05 1e-05 1e-05 1e-05 1e-05 1e-05 1e-05 1e-05 1e-05 1e-05 0.99987 1e-05 1e-05 1e-05
1e-05 1e-05 0.587724 0.115441 0.218989 1e-05 0.011089 1e-05 0.022332 0.005267 1e-05 0.00114 0.016704 0.021264
1e-05 1e-05 0.579161 0.112868 0.236201 1e-05 0.001439 0.013377 1e-05 0.019405 1e-05 1.9e-05 0.019033 0.018446
0.006863 1e-05 0.574829 0.112115 0.24356 1e-05 0.026262 1e-05 0.004151 1e-05 0.00815 1e-05 1e-05 0.02401
0.018982 1e-05 0.636415 0.036401 0.072896 0.002369 1e-05 0.014981 1e-05 0.153914 0.032476 0.009784 0.007842 0.013909
0.008719 1e-05 0.630527 0.042596 0.096861 1e-05 0.000574 1e-05 1e-05 0.160952 0.011804 0.013392 0.030913 0.003622
0.006039 1e-05 0.628016 0.067504 0.066163 0.011236 0.007669 0.002023 1e-05 0.148438 0.038937 0.009901 0.00342 0.010633
1e-05 1e-05 0.754868 1e-05 0.078919 1e-05 1e-05 1e-05 1e-05 0.094768 0.012408 0.011315 0.034052 0.0136
0.009396 1e-05 0.675821 0.057652 0.039361 0.010826 1e-05 1e-05 1e-05 0.189476 1e-05 1e-05 0.007139 0.010268
1e-05 1e-05 0.605448 0.116199 0.005932 1e-05 1e-05 0.006144 1e-05 0.196028 0.04369 1e-05 0.026489 1e-05
1e-05 1e-05 0.67113 0.073653 0.000214 0.008404 0.001013 0.010346 1e-05 0.167504 0.041023 0.012758 0.011654 0.002269
1e-05 1e-05 0.621985 0.087495 0.049643 1e-05 1e-05 1e-05 1e-05 0.154474 0.034956 0.021806 0.008958 0.020624
1e-05 1e-05 1e-05 1e-05 0.298798 1e-05 1e-05 1e-05 1e-05 1e-05 0.701082 1e-05 1e-05 1e-05
1e-05 1e-05 1e-05 1e-05 0.282562 2e-05 1e-05 1e-05 1e-05 1e-05 0.717308 1e-05 1e-05 1e-05
1e-05 1e-05 1e-05 1e-05 0.335838 1e-05 1e-05 1e-05 1e-05 1e-05 0.664042 1e-05 1e-05 1e-05
1e-05 1e-05 1e-05 1e-05 1e-05 1e-05 1e-05 1e-05 1e-05 1e-05 0.99987 1e-05 1e-05 1e-05
1e-05 1e-05 0.018842 1e-05 0.952313 1e-05 1e-05 0.000545 1e-05 1e-05 0.019349 0.008861 1e-05 1e-05
1e-05 1e-05 0.011188 1e-05 0.972717 1e-05 1e-05 0.010492 1e-05 1e-05 0.002781 1e-05 1e-05 0.002732
1e-05 1e-05 1e-05 1e-05 0.978283 1e-05 1e-05 1e-05 1e-05 1e-05 0.021597 1e-05 1e-05 1e-05
1e-05 1e-05 0.007432 1e-05 0.055297 1e-05 1e-05 1e-05 0.005528 1e-05 0.917961 1e-05 1e-05 0.013691
1e-05 1e-05 1e-05 1e-05 0.99363 1e-05 1e-05 1e-05 1e-05 1e-05 0.00625 1e-05 1e-05 1e-05
0.006025 1e-05 0.013212 1e-05 0.806554 1e-05 0.003986 1e-05 1e-05 1e-05 0.164081 1e-05 0.005307 0.000765
1e-05 1e-05 0.001637 1e-05 0.031771 1e-05 1e-05 0.010138 1e-05 1e-05 0.949059 0.001667 0.002219 0.003439
1e-05 1e-05 0.532444 0.185276 0.183497 0.010066 0.004726 1e-05 0.000767 1e-05 0.026774 0.023519 0.006904 0.025988
1e-05 1e-05 0.601698 0.071623 0.230211 1e-05 1e-05 0.003403 0.017471 0.045691 1e-05 1e-05 0.006278 0.023566
1e-05 1e-05 0.616288 0.070096 0.248274 0.017748 1e-05 0.006413 0.015349 0.006086 1e-05 1e-05 0.004088 0.015607
0.010892 1e-05 0.637498 0.052605 0.09758 0.001517 0.009389 1e-05 1e-05 0.168073 1e-05 0.014705 0.001801 0.005899
1e-05 1e-05 0.673838 1e-05 0.136888 1e-05 1e-05 1e-05 1e-05 0.130532 0.023821 0.012283 1e-05 0.022558
1e-05 1e-05 0.618662 0.083278 0.107403 0.013029 1e-05 1e-05 1e-05 0.097287 0.040438 0.011036 0.016258 0.012559
1e-05 1e-05 0.809389 1e-05 0.031898 0.000347 1e-05 0.000738 0.020323 0.090245 0.030246 0.006831 1e-05 0.009933
1e-05 1e-05 0.652795 0.118843 1e-05 0.013117 1e-05 1e-05 1e-05 0.163458 0.022791 1e-05 0.012319 0.016607
1e-05 0.003193 0.65746 0.084872 0.011228 0.00307 1e-05 0.011839 1e-05 0.201169 0.016425 1e-05 0.010687 1.7e-05
1e-05 1e-05 0.651402 0.109607 1e-05 0.007957 1e-05 0.018044 1e-05 0.164672 0.016825 0.005919 0.01669 0.008833
0.01222 1e-05 0.626611 0.077668 0.060948 0.009458 1e-05 1e-05 1e-05 0.190446 0.01652 1e-05 1e-05 0.006068
1e-05 1e-05 0.601356 0.106887 0.056839 0.021609 1e-05 1e-05 1e-05 0.155826 0.029859 0.008865 0.001894 0.016815
1e-05 1e-05 1e-05 1e-05 0.336271 1e-05 1e-05 1e-05 1e-05 1e-05 0.663609 1e-05 1e-05 1e-05
1e-05 1e-05 1e-05 1e-05 0.267253 1e-05 1e-05 1e-05 1e-05 1e-05 0.732627 1e-05 1e-05 1e-05
1e-05 1e-05 1e-05 1e-05 1e-05 1e-05 1e-05 1e-05 1e-05 1e-05 0.99987 1e-05 1e-05 1e-05
1e-05 1e-05 0.006588 0.001973 0.971291 1e-05 1e-05 1e-05 1e-05 1e-05 0.014455 1e-05 1e-05 0.005603
1e-05 1e-05 1e-05 1e-05 0.959712 1e-05 1e-05 1e-05 1e-05 1e-05 0.040168 1e-05 1e-05 1e-05
1e-05 1e-05 1e-05 1e-05 0.975282 1e-05 1e-05 1e-05 1e-05 1e-05 0.024598 1e-05 1e-05 1e-05
1e-05 1e-05 1e-05 1e-05 0.98893 1e-05 0.000397 1e-05 1e-05 1e-05 0.010563 1e-05 1e-05 1e-05
1e-05 1e-05 0.096226 1e-05 0.713067 1e-05 1e-05 0.006511 0.000988 1e-05 0.158168 0.005723 0.011331 0.007925
1e-05 1e-05 1e-05 1e-05 0.690604 1e-05 1e-05 1e-05 1e-05 0.000826 0.306613 0.001856 1e-05 1e-05
0.004177 1e-05 0.548886 0.099041 0.256366 1e-05 0.00558 1e-05 0.017582 0.035604 1e-05 0.014903 1e-05 0.017811
0.005028 1e-05 0.607089 0.053336 0.243517 1e-05 0.000102 0.002672 1e-05 0.052259 0.00229 0.003646 0.016636 0.013395
1e-05 1e-05 0.604352 0.079516 0.220827 1e-05 0.005712 0.00796 0.00058 0.014022 0.023057 1e-05 0.026048 0.017887
1e-05 1e-05 0.763621 1e-05 0.045713 1e-05 1e-05 1e-05 0.002668 0.107383 0.017848 0.03766 0.000266 0.024781
1e-05 1e-05 0.612942 0.080332 0.079131 1e-05 0.002301 0.022253 1e-05 0.158263 0.018138 0.015679 0.003268 0.007652
0.026213 1e-05 0.6764 0.022621 0.068567 1e-05 0.000865 1e-05 0.015078 0.137999 0.036877 1e-05 0.00295 0.012388
1e-05 1e-05 0.758568 1e-05 0.048487 0.004917 1e-05 1e-05 1.2e-05 0.126664 0.024787 0.023734 0.009186 0.003595
0.016729 1e-05 0.615278 0.119951 1.6e-05 1e-05 0.002569 1e-05 1e-05 0.190879 0.015719 0.003181 0.028709 0.00693
0.007945 1e-05 0.667227 0.08432 1e-05 1e-05 0.003836 0.000357 1e-05 0.181106 0.023517 0.006167 0.025474 1e-05
1e-05 1.6e-05 0.65336 0.07861 0.041784 1e-05 1e-05 0.032286 1.8e-05 0.176862 0.003803 1e-05 0.005896 0.007325
0.005516 0.003685 0.634248 0.109152 0.016503 1e-05 0.003369 1e-05 1e-05 0.199171 1e-05 0.005786 0.010408 0.012124
1e-05 1e-05 0.614879 0.067215 0.058934 0.012925 0.000504 0.00527 1e-05 0.148085 0.064568 1e-05 0.017173 0.010408
1e-05 1e-05 0.533858 0.06575 0.163375 1e-05 1e-05 0.007939 0.002193 0.163462 0.028842 1e-05 0.029493 0.005038
1e-05 1e-05 1e-05 1e-05 0.963049 1e-05 1e-05 1e-05 1e-05 1e-05 0.036831 1e-05 1e-05 1e-05
1e-05 1e-05 1e-05 1e-05 0.286241 1e-05 1e-05 1e-05 1e-05 1e-05 0.713639 1e-05 1e-05 1e-05
1e-05 1e-05 1e-05 1e-05 0.347956 1e-05 1e-05 1e-05 1e-05 1e-05 0.651924 1e-05 1e-05 1e-05
1e-05 1e-05 1e-05 1e-05 1e-05 1e-05 1e-05 1e-05 1e-05 1e-05 0.99987 1e-05 1e-05 1e-05
1e-05 1e-05 1e-05 0.003299 0.967183 1e-05 0.006028 1e-05 1e-05 1e-05 0.022956 1e-05 1e-05 0.000443
1e-05 1e-05 0.009134 1e-05 0.977836 1e-05 1e-05 0.001578 0.00472 1e-05 1e-05 1e-05 0.006641 1e-05
1e-05 1e-05 1e-05 1e-05 0.984506 1e-05 1e-05 1e-05 1e-05 1e-05 0.015373 1.1e-05 1e-05 1e-05
1e-05 1e-05 0.09937 1e-05 0.712916 1e-05 0.002347 1e-05 0.006349 0.008585 0.162877 1e-05 0.007487 1e-05
1e-05 1e-05 1e-05 1e-05 0.71527 1e-05 1e-05 1e-05 1e-05 1e-05 0.28461 1e-05 1e-05 1e-05
1e-05 1e-05 0.596828 0.050603 0.274728 1e-05 1e-05 1e-05 0.000394 0.029225 0.000901 1e-05 0.033089 0.014171
1e-05 1e-05 0.609434 0.071618 0.220412 1e-05 1e-05 0.001826 1e-05 0.044545 0.002648 0.014755 0.016127 0.018585
1e-05 1e-05 0.632176 0.054822 0.076387 1e-05 0.018228 1e-05 1.1e-05 0.140839 0.037498 0.008571 1e-05 0.031417
0.010398 1e-05 0.584459 0.058564 0.145708 0.007168 1e-05 1e-05 1e-05 0.124236 0.028799 0.011182 0.015913 0.013532
1e-05 1e-05 0.762287 1e-05 0.076032 0.002775 0.018297 1e-05 1e-05 0.088501 1e-05 0.013715 0.0268 0.011532
1e-05 0.017348 0.628398 0.138115 1e-05 1e-05 1e-05 0.004277 1e-05 0.153012 0.043232 1e-05 1e-05 0.015549
1e-05 1e-05 0.663615 0.073339 0.013746 1e-05 1e-05 0.007432 0.003727 0.183199 0.016135 0.028415 0.008341 0.002011
1e-05 1e-05 0.618563 0.126983 0.012878 0.000944 1e-05 0.001155 1e-05 0.181388 0.023203 0.003293 0.026776 0.004778
1e-05 1e-05 0.688705 0.064938 0.004456 1e-05 1e-05 0.002327 1e-05 0.175891 0.022325 0.030079 0.000235 0.010994
0.012814 1e-05 0.629917 0.084273 0.041805 0.009704 1e-05 0.005235 0.012513 0.148498 0.030673 1e-05 0.019482 0.005055
1e-05 1e-05 1e-05 1e-05 0.320098 1e-05 1e-05 1e-05 1e-05 1e-05 0.679782 1e-05 1e-05 1e-05
1e-05 1e-05 1e-05 1e-05 0.303089 1e-05 1e-05 1e-05 1e-05 1e-05 0.696791 1e-05 1e-05 1e-05
1e-05 1e-05 1e-05 1e-05 0.311476 1e-05 1e-05 1e-05 1e-05 1e-05 0.688404 1e-05 1e-05 1e-05
1e-05 1e-05 1e-05 1e-05 1e-05 1e-05 1e-05 1e-05 1e-05 1e-05 0.99987 1e-05 1e-05 1e-05
1e-05 1e-05 0.008273 1e-05 0.972487 1e-05 1e-05 0.002347 1e-05 1e-05 0.007465 0.002295 1e-05 0.007053
1e-05 1.4e-05 1e-05 1e-05 0.950896 1e-05 1e-05 1e-05 1e-05 1e-05 0.048981 1e-05 1e-05 1e-05
1e-05 1e-05 1e-05 1e-05 0.708409 1e-05 1e-05 1e-05 1e-05 1e-05 0.285713 0.005768 1e-05 1e-05
1e-05 0.010377 0.541839 0.118535 0.243923 1e-05 0.002122 1e-05 0.031879 0.010906 0.029731 1e-05 0.003717 0.006931
1e-05 1e-05 0.742335 1e-05 0.060477 1e-05 1e-05 0.012771 1e-05 0.103852 0.035105 0.00778 0.020397 0.017223
1e-05 1e-05 0.650812 0.083374 0.070021 1e-05 1e-05 1e-05 1e-05 0.136386 0.038992 0.016649 0.003696 1e-05
0.000457 1e-05 0.763545 1e-05 0.041039 1e-05 0.003052 1e-05 1e-05 0.11671 0.045433 0.016327 0.012787 6e-04
1e-05 1e-05 0.668148 0.031437 0.067343 1e-05 1e-05 0.014382 1e-05 0.149244 0.026439 0.024135 0.014759 0.004063
0.002395 0.002913 0.739653 1e-05 0.050002 0.0061 0.004982 0.009475 1e-05 0.126663 0.020834 0.00867 0.023027 0.005266
1e-05 1e-05 0.619018 0.123071 0.015654 0.019011 1e-05 0.00375 1e-05 0.189653 0.023327 0.006457 1e-05 1e-05
1e-05 1e-05 0.644431 0.092026 0.018282 0.005539 1e-05 0.015528 1e-05 0.178436 0.01904 1e-05 0.017 0.009669
1e-05 1e-05 0.615791 0.071985 0.072279 0.003392 1e-05 0.001749 0.001478 0.178051 0.022894 1e-05 0.03233 1e-05
1e-05 1e-05 1e-05 1e-05 0.332879 1e-05 1e-05 1e-05 1e-05 1e-05 0.667001 1e-05 1e-05 1e-05
1e-05 1e-05 1e-05 1e-05 0.31525 1e-05 1e-05 1e-05 1e-05 1e-05 0.68463 1e-05 1e-05 1e-05
1e-05 1e-05 0.007035 1e-05 0.974384 1e-05 1e-05 1e-05 1e-05 1e-05 0.011645 1e-05 1e-05 0.006836
1e-05 1e-05 0.027191 1e-05 0.951852 1e-05 1e-05 1e-05 1e-05 1e-05 0.01174 1e-05 0.009117 1e-05
1e-05 1e-05 1e-05 1e-05 0.970179 1e-05 1e-05 1e-05 1e-05 1e-05 0.029701 1e-05 1e-05 1e-05
1e-05 1e-05 0.740384 1e-05 0.044586 1e-05 0.008982 1e-05 1e-05 0.147404 0.027055 0.00285 0.015452 0.013226
1e-05 1e-05 0.656227 0.076451 1e-05 1e-05 0.016353 1e-05 1e-05 0.196889 0.044436 0.009565 1e-05 1e-05
1e-05 1e-05 0.57872 0.120444 0.052712 1e-05 0.017205 0.005384 0.001576 0.188179 0.024063 0.011668 1e-05 1e-05
1e-05 1e-05 0.670439 0.06932 1e-05 0.031983 1e-05 1e-05 1e-05 0.177232 0.032098 0.008431 1e-05 0.010427
1e-05 1e-05 0.615887 0.14148 1e-05 0.022133 1e-05 0.002865 1e-05 0.164775 0.032336 0.01494 0.002714 0.002819
1e-05 1e-05 0.639472 0.072912 0.037107 0.015482 0.002389 0.0196 1e-05 0.157602 0.046263 1e-05 1e-05 0.009123
1e-05 1e-05 0.640337 0.08567 0.045435 1e-05 0.016299 0.00084 1e-05 0.133302 0.03775 0.013145 0.027172 1e-05
0.002485 1e-05 0.630843 0.079391 0.059163 0.01307 0.014434 1e-05 1e-05 0.142598 0.012257 0.001904 0.022125 0.021702
0.016752 0.009293 0.604351 0.08269 0.064206 1e-05 1e-05 1e-05 0.012202 0.197231 0.013215 1e-05 1e-05 1e-05
0.006508 0.011921 0.289358 0.116585 0.010062 0.013808 1e-05 0.017571 0.005068 0.505987 0.006087 1e-05 1e-05 0.017015
1e-05 0.010026 0.306205 0.097916 1e-05 1e-05 0.033201 0.004399 1e-05 0.523689 0.012377 1e-05 0.009129 0.003008
1e-05 1e-05 0.263744 0.140725 1e-05 0.046318 1e-05 1e-05 1e-05 0.514335 0.020909 1e-05 1e-05 0.013889
1e-05 1e-05 0.27269 0.133388 1e-05 0.001982 0.02875 0.006841 1e-05 0.524609 0.016622 0.01196 1e-05 0.003108
0.011485 1e-05 0.259202 0.108407 1e-05 0.009821 0.015663 1e-05 1e-05 0.547504 0.028677 1e-05 0.015387 0.003804
1e-05 1e-05 1e-05 1e-05 0.341612 1e-05 1e-05 1e-05 1e-05 1e-05 0.658268 1e-05 1e-05 1e-05
1e-05 1e-05 1e-05 1e-05 0.341388 1e-05 1e-05 1e-05 1e-05 1e-05 0.658492 1e-05 1e-05 1e-05
1e-05 1e-05 1e-05 1e-05 1e-05 1e-05 1e-05 1e-05 1e-05 1e-05 0.99987 1e-05 1e-05 1e-05
1e-05 1e-05 0.008641 1e-05 0.971656 1e-05 1e-05 1e-05 1e-05 0.000915 0.01068 0.008018 1e-05 1e-05
1e-05 1e-05 0.006967 1e-05 0.964324 1e-05 1e-05 0.003729 1e-05 0.006384 0.018506 1e-05 1e-05 1e-05
1e-05 1e-05 1e-05 1e-05 0.957965 1e-05 1e-05 1e-05 1e-05 1e-05 0.041915 1e-05 1e-05 1e-05
1e-05 1e-05 1e-05 1e-05 0.989197 1e-05 1e-05 1e-05 1e-05 1e-05 0.010683 1e-05 1e-05 1e-05
1e-05 1e-05 0.759079 1e-05 0.026776 0.004086 1e-05 1e-05 1e-05 0.123901 0.039983 0.031004 0.01146 0.00365
0.0207 1e-05 0.603147 0.071833 0.036282 1e-05 1e-05 1e-05 1e-05 0.193883 0.051342 0.02194 1e-05 0.000814
1e-05 1e-05 0.676716 0.084 0.040758 1e-05 0.012648 0.000711 0.009603 0.148956 0.003482 0.004601 0.014901 0.003595
0.020947 1e-05 0.651213 0.098881 0.012638 1e-05 0.00197 0.000122 1e-05 0.152499 0.027579 0.023755 0.000105 0.01026
1e-05 1e-05 0.704809 0.051221 1e-05 1e-05 0.012881 0.019422 1e-05 0.183152 0.020701 1e-05 0.007745 1e-05
0.014615 1e-05 0.685359 0.073526 0.009614 1e-05 1e-05 1e-05 1e-05 0.190978 1e-05 0.009562 1e-05 0.016275
0.025264 1e-05 0.627605 0.074888 0.042726 1e-05 1e-05 1e-05 0.018571 0.168229 0.035201 1e-05 1e-05 0.007457
0.008978 1e-05 0.616105 0.100932 0.053719 1e-05 0.00847 1e-05 1e-05 0.161994 0.013123 0.003499 0.026617 0.006523
0.009852 0.000207 0.597087 0.059339 0.102988 1e-05 1e-05 1e-05 0.013632 0.116008 0.061751 0.022205 1e-05 0.01689
1e-05 0.013419 0.298819 0.098873 0.009157 0.019584 0.003993 0.001862 1e-05 0.516265 0.012049 1e-05 0.025939 1e-05
0.005096 1e-05 0.293519 0.162535 1e-05 0.009127 0.009098 0.003508 1e-05 0.478483 0.008083 0.028855 0.001657 1e-05
1e-05 0.006243 0.138613 0.123633 1e-05 0.005558 0.008739 0.007178 0.243558 0.197616 1e-05 0.035394 0.233429 1e-05
1e-05 1e-05 1e-05 1e-05 1e-05 1e-05 1e-05 1e-05 1e-05 1e-05 0.99987 1e-05 1e-05 1e-05
1e-05 1e-05 1e-05 1e-05 0.971308 1e-05 0.003919 1e-05 1e-05 1e-05 0.015775 0.002593 1e-05 0.006315
1e-05 1e-05 0.012337 1e-05 0.980717 1e-05 0.001995 0.004851 1e-05 1e-05 1e-05 1e-05 1e-05 1e-05
1e-05 1e-05 1e-05 1e-05 0.963418 1e-05 1e-05 1e-05 1e-05 1e-05 0.036462 1e-05 1e-05 1e-05
0.016359 1e-05 0.627995 0.082066 0.067908 1e-05 0.012803 1e-05 1e-05 0.137885 0.025768 1e-05 1e-05 0.029156
1e-05 1e-05 0.769741 1e-05 0.039691 1e-05 1e-05 0.019617 1e-05 0.117036 0.030235 1e-05 0.021743 0.001868
1e-05 1e-05 0.660328 0.087925 1e-05 0.004087 0.007913 0.018691 1e-05 0.170656 0.030247 0.004183 0.00777 0.00816
1e-05 1e-05 0.65132 0.105743 1e-05 1e-05 0.002117 0.027966 1e-05 0.152679 0.025806 1e-05 0.02361 0.010699
0.007018 1e-05 0.64145 0.118283 1e-05 0.0146 1e-05 0.010731 0.003759 0.164779 0.022948 0.013105 1e-05 0.003287
1e-05 1e-05 0.629337 0.055008 0.093196 1e-05 0.007681 0.007235 0.005546 0.148691 0.041171 0.008332 1e-05 0.003762
1e-05 1e-05 0.64834 0.107823 0.016197 1e-05 1e-05 0.009399 1e-05 0.1634 0.017671 0.015416 0.008625 0.01308
1e-05 1e-05 0.597113 0.056314 0.108513 0.007799 1e-05 1e-05 1e-05 0.197584 0.011662 0.020947 1e-05 1e-05
0.01753 1e-05 0.287563 0.127485 1e-05 0.002612 0.029333 1e-05 1e-05 0.525055 0.002548 0.007814 1e-05 1e-05
1e-05 1e-05 0.249986 0.134359 1e-05 0.0235 0.004025 0.020024 1e-05 0.539867 0.016288 0.011892 1e-05 1e-05
0.017066 0.004055 0.195254 0.114471 0.002846 1e-05 0.012105 0.01356 0.001397 0.609671 1e-05 0.003423 0.016804 0.009328
1e-05 1e-05 0.284954 0.131278 0.031712 0.031268 0.000381 0.017254 1e-05 0.481343 0.017071 0.00469 1e-05 1e-05
1e-05 0.0179 0.174098 0.141376 1e-05 0.008878 0.020347 1e-05 0.184723 0.248607 1e-05 0.002125 0.201895 1e-05
1e-05 0.013813 0.618365 0.048609 0.081552 1e-05 1e-05 1e-05 0.009599 0.159591 0.025833 0.042578 1e-05 1e-05
1e-05 1e-05 1e-05 1e-05 1e-05 1e-05 1e-05 1e-05 1e-05 1e-05 0.99987 1e-05 1e-05 1e-05
1e-05 1e-05 0.008581 1e-05 0.961814 1e-05 0.007411 1e-05 1e-05 1e-05 0.022093 1e-05 1e-05 1e-05
1e-05 1e-05 1e-05 1e-05 0.977256 1e-05 1e-05 1e-05 1e-05 1e-05 0.022615 1.9e-05 1e-05 1e-05
1e-05 1e-05 1e-05 1e-05 0.82031 1e-05 1e-05 1e-05 1e-05 1e-05 0.175965 1e-05 0.003615 1e-05
1e-05 1e-05 0.568305 0.082864 0.221579 0.008241 0.013797 1e-05 0.004483 0.042349 0.026506 0.00525 0.001976 0.02462
1e-05 1e-05 0.534851 0.065309 0.321211 1e-05 1e-05 1e-05 1e-05 0.025039 1e-05 0.021978 0.023583 0.007959
1e-05 1e-05 0.788656 1e-05 0.036532 1e-05 1e-05 0.007182 1e-05 0.12586 0.022613 0.004396 0.014667 3.4e-05
1e-05 1e-05 0.639184 0.037995 0.095516 1e-05 0.007385 1e-05 1e-05 0.14929 0.027841 0.033368 0.005534 0.003836
0.011014 1e-05 0.666387 0.088294 0.005482 1e-05 1e-05 1e-05 1e-05 0.162105 0.021061 0.007104 0.030564 0.007939
1e-05 1e-05 0.613611 0.139364 0.022748 0.020174 0.005954 1e-05 0.009123 0.149441 0.006892 1e-05 0.011794 0.020858
1e-05 1e-05 0.640965 0.115551 0.012192 1e-05 1e-05 0.01693 1e-05 0.153645 0.033168 1e-05 0.012264 0.015226
1e-05 0.002399 0.593291 0.097466 0.055496 0.018789 0.004551 0.008138 1e-05 0.162795 0.023595 0.016427 0.013791 0.003241
1e-05 1e-05 0.60952 0.061295 0.115376 0.008185 1e-05 0.001077 1e-05 0.156919 0.011508 0.02893 0.007113 3.8e-05
1e-05 1e-05 0.291914 0.106288 1e-05 0.015642 0.016549 1e-05 1e-05 0.542146 0.020834 0.006558 1e-05 1e-05
1e-05 1e-05 0.22277 0.096273 0.038756 1e-05 0.0235 0.016975 1e-05 0.578073 0.007559 1e-05 0.016035 1e-05
1e-05 1e-05 0.31694 0.091626 1e-05 1e-05 0.038404 0.012776 1e-05 0.512028 0.016272 0.007063 1e-05 0.004831
1e-05 1e-05 0.311872 0.105137 1e-05 0.023991 0.008756 0.022759 1e-05 0.513151 0.014263 1e-05 1e-05 1e-05
1e-05 0.006482 0.584093 0.101858 0.068981 0.022263 1e-05 0.0048 1e-05 0.163519 0.029471 1e-05 0.002177 0.016315
1e-05 1e-05 0.672188 0.052977 0.035255 0.007889 1e-05 0.016254 1.1e-05 0.152681 0.029495 0.008165 1e-05 0.025046
1e-05 1e-05 0.614791 0.046178 0.138958 0.029184 1e-05 1e-05 1e-05 0.147411 0.011927 0.011482 1e-05 1e-05
1e-05 1e-05 0.289255 0.097938 0.015842 0.038759 1e-05 0.002643 1e-05 0.531114 1e-05 1e-05 0.002061 0.022328
0.023524 1e-05 0.263692 0.172713 0.001486 1e-05 1e-05 0.012251 1e-05 0.492437 0.004891 0.02692 0.002036 1e-05
1e-05 1e-05 0.332996 0.132965 0.001317 0.038767 0.002571 0.00192 1e-05 0.473785 0.014491 1e-05 0.001139 1e-05
1e-05 1e-05 0.311189 0.112013 0.006913 0.009153 0.046623 0.019387 1e-05 0.486282 0.008381 1e-05 1e-05 1e-05
1e-05 0.006213 0.149204 0.158748 1e-05 0.022247 1e-05 1e-05 0.251777 0.183345 1e-05 0.040832 0.169113 0.018471
0.006082 1e-05 0.12334 0.17511 0.000422 0.008036 0.002962 0.001681 0.233497 0.23458 1e-05 0.047897 0.165977 0.000395
1e-05 1e-05 0.315745 0.117727 0.012 0.01748 0.019343 0.004665 1e-05 0.498682 0.014293 1e-05 1.4e-05 1e-05
0.010425 1e-05 0.334024 0.128194 0.015616 0.005456 1e-05 0.022051 1e-05 0.466434 0.01774 1e-05 1e-05 1e-05
0.015747 1e-05 0.159596 0.108561 0.012692 0.012549 0.023668 0.004459 1e-05 0.603591 0.052262 1e-05 0.004075 0.00277
1e-05 1e-05 0.172587 0.127145 1e-05 0.018235 0.020694 0.008352 1e-05 0.592724 0.001121 0.027172 0.002951 0.028979
1e-05 1e-05 0.17444 0.115909 1e-05 0.01524 0.017256 0.022624 0.009546 0.602499 0.002362 0.020998 0.009568 0.009528
1e-05 1e-05 0.177869 0.164986 1e-05 0.056801 1e-05 0.00749 1e-05 0.540139 1e-05 0.008198 0.026233 0.018222
0.001513 0.018784 0.194324 0.184957 1e-05 0.011157 0.003196 0.005468 1e-05 0.523542 0.022686 0.001146 0.020059 0.013148
1e-05 1e-05 0.14283 0.21794 1e-05 0.038937 0.003674 1e-05 1e-05 0.531251 0.002077 0.042644 0.005458 0.01514
0.008258 0.021744 0.118129 0.173733 1e-05 0.007093 1e-05 1e-05 0.057647 0.529218 1e-05 0.031781 0.048008 0.004348
1e-05 1e-05 0.148446 0.158252 1e-05 0.031291 0.027278 0.007011 0.036194 0.521151 1e-05 0.007905 0.039217 0.023215
1e-05 1e-05 1e-05 1e-05 1e-05 1e-05 0.000511 0.001083 0.92526 1e-05 1e-05 1e-05 0.071805 0.001251
1e-05 1e-05 1e-05 1e-05 1e-05 1e-05 1e-05 0.000791 0.80699 0.014418 1e-05 1e-05 0.174807 0.002903
0.004378 1e-05 1e-05 1e-05 1e-05 0.004741 1e-05 1e-05 0.944406 0.006813 0.001577 1e-05 0.03519 0.002825
1e-05 0.00638 0.005599 0.001435 0.000838 0.001229 1e-05 0.00147 0.789414 0.0104 0.006956 1e-05 0.169373 0.006876
1e-05 1e-05 0.591035 0.108175 0.062939 0.008675 0.006733 0.007583 0.007422 0.166677 0.033607 1e-05 1e-05 0.007114
0.004778 1e-05 0.660791 0.042822 0.061717 0.013476 1e-05 1e-05 1e-05 0.156215 0.029091 0.027001 0.001964 0.002104
0.014881 1e-05 0.580646 0.118829 0.033779 0.001353 0.002771 1e-05 0.012569 0.163561 0.050946 0.00907 1e-05 0.011566
1e-05 0.015023 0.260341 0.136909 1e-05 0.014746 0.010298 0.01324 1e-05 0.483565 0.034278 1e-05 0.03155 1e-05
0.008746 1e-05 0.293525 0.126598 0.008057 0.030386 0.01114 0.006288 1e-05 0.473294 0.027716 1e-05 0.014211 1e-05
1e-05 1e-05 0.299542 0.117158 1e-05 0.02394 0.000863 0.017193 1e-05 0.51326 0.010195 0.011919 1e-05 0.005879
0.002832 0.007579 0.220927 0.12334 0.009931 0.009831 1e-05 0.009741 1e-05 0.581957 0.018602 0.015221 1e-05 1e-05
1e-05 1e-05 0.155638 0.139149 1e-05 1e-05 0.021637 0.006049 0.22853 0.184672 0.009552 0.034327 0.220395 1e-05
1e-05 1e-05 0.365258 0.081981 1e-05 0.018179 1e-05 0.014422 1e-05 0.506991 0.008175 1e-05 0.004925 1e-05
1e-05 1e-05 0.333035 0.120515 0.010938 0.001516 0.017144 0.009682 1e-05 0.45339 0.038924 1e-05 0.014806 1e-05
1e-05 1e-05 0.152522 0.101511 0.040007 0.007409 0.020089 1e-05 0.003334 0.603289 0.008189 0.043563 0.004145 0.015911
0.015391 0.000633 0.152496 0.139432 1e-05 1e-05 0.035153 0.012372 0.011016 0.60667 1e-05 1e-05 0.007983 0.018814
0.02486 1e-05 0.20166 0.191938 1e-05 1e-05 1e-05 0.012435 0.002834 0.504734 0.006561 0.023294 0.017275 0.014368
1e-05 1e-05 0.141526 0.118898 0.018946 1e-05 0.014716 0.012966 0.010753 0.612635 0.010309 0.022149 0.025978 0.011092
0.015854 0.01188 0.198966 0.139543 1e-05 0.034383 0.001001 1e-05 1e-05 0.53692 0.017536 1e-05 0.039949 0.003929
1e-05 1e-05 0.147061 0.227778 0.000257 0.036125 0.016141 0.01164 1e-05 0.528159 0.011955 0.018605 0.002239 1e-05
0.022832 1e-05 0.115283 0.131185 0.005085 0.027845 0.012712 1e-05 0.074261 0.54037 0.004195 0.036995 0.015981 0.013235
1e-05 1e-05 0.149054 0.150062 0.00063 0.018764 0.02122 0.003904 0.068445 0.489247 0.007402 0.024569 0.061746 0.004936
1e-05 0.004814 1e-05 1e-05 1e-05 1e-05 1e-05 0.003885 0.922558 1e-05 1e-05 1e-05 0.068642 1e-05
1e-05 1e-05 1e-05 1e-05 1e-05 1e-05 1e-05 1e-05 0.907814 1e-05 1e-05 0.009991 0.082086 1e-05
1e-05 1e-05 1e-05 1e-05 1e-05 1e-05 1e-05 1e-05 0.949367 1e-05 1e-05 0.012301 0.010753 0.027479
1e-05 1e-05 0.015842 1e-05 1e-05 1e-05 0.000473 1e-05 0.786575 1e-05 1e-05 1e-05 0.19701 1e-05
1e-05 1e-05 0.594646 0.080325 0.091989 1e-05 0.004834 0.014483 1e-05 0.176502 0.026798 0.010364 1e-05 1e-05
1e-05 1e-05 0.617947 0.076182 0.046616 0.004544 0.01912 0.006452 1e-05 0.163439 0.030728 0.020051 1.1e-05 0.014879
1e-05 1e-05 0.652521 0.064478 0.051992 0.002185 1e-05 1e-05 0.001317 0.167078 0.024375 0.020229 1e-05 0.015774
1e-05 0.004318 0.276282 0.112213 0.030094 0.007441 0.005142 0.012618 1e-05 0.497797 0.022959 1e-05 0.010155 0.020953
0.005464 1e-05 0.30704 0.095908 1e-05 0.02848 1e-05 0.009193 1e-05 0.527288 0.017495 0.006466 0.000397 0.002228
1e-05 0.027794 0.302803 0.122584 0.009544 1e-05 0.011295 1.3e-05 1e-05 0.441944 1e-05 0.014927 0.036472 0.032583
1e-05 1e-05 0.253734 0.096107 1e-05 0.002015 0.011022 0.017999 1e-05 0.555757 0.022337 0.007912 0.020686 0.012391
0.009095 1e-05 0.156282 0.113606 0.004801 0.021424 0.004216 0.009517 0.220226 0.184278 0.010633 1e-05 0.253762 0.012141
0.005049 1e-05 0.139578 0.121164 1e-05 0.03036 1e-05 1e-05 0.245435 0.201108 1e-05 0.030228 0.225946 0.001081
1e-05 0.010839 0.278914 0.127092 0.025059 1e-05 0.008464 0.013476 1e-05 0.453175 0.063211 0.008055 0.011675 1e-05
1e-05 0.002699 0.178941 0.106477 0.063441 0.035519 1e-05 1e-05 0.009787 0.563861 0.027773 1e-05 0.007908 0.003553
1e-05 1e-05 0.155887 0.079923 1e-05 0.026359 0.002782 0.017631 0.002367 0.668393 0.008842 0.010773 0.012837 0.014177
1e-05 1e-05 0.181274 0.140566 1e-05 0.021135 0.004147 0.014516 0.015624 0.58906 1e-05 0.033617 1e-05 1e-05
0.027781 1e-05 0.272342 0.164283 1e-05 0.005087 0.016519 1e-05 0.007789 0.432124 0.014346 0.003537 0.042525 0.013638
0.017817 0.017788 0.120476 0.114593 1e-05 0.009059 0.008713 1e-05 0.01121 0.654713 1e-05 0.01185 0.0196 0.014152
0.018014 1e-05 0.298114 0.108663 0.000513 0.004067 1e-05 0.01812 1e-05 0.513536 0.019314 0.010728 1e-05 0.008891
1e-05 1e-05 0.191232 0.177859 0.001891 0.009068 0.018716 0.022752 1e-05 0.531983 0.001536 0.027943 0.005745 0.011247
0.022074 1e-05 0.15113 0.201209 1e-05 0.003002 0.012674 0.007638 1e-05 0.550541 0.00944 0.017729 0.024523 1e-05
1e-05 1e-05 0.141115 0.151322 1e-05 0.002128 0.019315 0.008694 0.052516 0.535693 0.007257 0.020327 0.040918 0.020686
0.002168 1e-05 0.139624 0.152671 1e-05 0.013078 0.027146 0.010132 0.070344 0.501239 0.012125 0.02976 0.033409 0.008284
1e-05 1e-05 1e-05 1e-05 1e-05 1e-05 1e-05 1e-05 0.870914 1e-05 1e-05 1e-05 0.128966 1e-05
1e-05 1e-05 1e-05 1e-05 1e-05 0.00254 1e-05 0.000983 0.911007 1e-05 1e-05 1e-05 0.08537 1e-05
1e-05 1e-05 1e-05 1e-05 1e-05 1e-05 0.006527 1e-05 0.908197 1e-05 1e-05 9.3e-05 0.085083 1e-05
1e-05 1e-05 1e-05 0.013071 1e-05 1e-05 1e-05 1e-05 0.797369 1e-05 0.000924 1e-05 0.188537 1e-05
1e-05 1e-05 0.635333 0.06883 0.077327 0.009874 0.011716 1e-05 1e-05 0.164996 0.011899 0.003436 1e-05 0.016539
1e-05 1e-05 0.320069 0.090623 0.04928 1e-05 0.034519 0.014375 1e-05 0.473745 0.009461 1e-05 0.000636 0.007241
1e-05 0.023643 0.07425 0.074787 1e-05 0.017981 1e-05 0.010772 0.020379 0.704117 1e-05 0.00458 0.044495 0.024955
0.002653 0.025377 0.251856 0.092446 1e-05 0.015345 0.002437 0.006008 1e-05 0.552276 0.01842 0.033143 1e-05 1e-05
1e-05 1e-05 0.168974 0.116978 1e-05 0.020974 0.017146 1e-05 0.252613 0.226066 0.005483 0.023032 0.159512 0.009182
0.004424 1e-05 0.649624 0.070214 0.051696 1e-05 0.003643 1e-05 0.011461 0.155773 0.013418 0.03963 7.6e-05 1e-05
0.002724 0.01055 0.148418 0.115439 0.002442 0.040435 0.007129 0.000889 0.214484 0.197601 0.0013 1e-05 0.241495 0.017084
1e-05 1e-05 0.322361 0.095668 1e-05 0.0135 0.011651 0.013526 1e-05 0.493119 0.017542 0.022125 1e-05 0.010458
1e-05 0.022966 0.161261 0.099732 0.0091 0.002571 1e-05 0.013427 0.029882 0.637875 0.006169 1e-05 0.013026 0.003961
0.013983 1e-05 0.137909 0.128655 1e-05 1e-05 1e-05 0.010955 0.015287 0.64571 0.005415 0.035946 0.000653 0.005446
0.033612 1e-05 0.181705 0.159614 0.000345 1e-05 1e-05 0.011351 0.001747 0.56244 1e-05 0.042156 6e-05 0.006932
1e-05 1e-05 0.204174 0.171932 1e-05 0.025245 1e-05 0.015954 1e-05 0.520247 0.012113 0.034258 0.013189 0.002838
1e-05 1e-05 0.129345 0.236518 1e-05 0.036181 0.000575 0.003604 1e-05 0.576831 0.004893 0.010799 0.001204 1e-05
1e-05 1e-05 0.149995 0.204518 0.004058 0.05038 1e-05 0.021167 1e-05 0.536893 0.008029 0.01392 0.010297 0.000702
0.008768 1e-05 0.147511 0.202177 0.01804 0.03208 0.017808 0.021365 1e-05 0.550486 0.001715 1e-05 1e-05 1e-05
1e-05 0.02139 0.141631 0.139083 0.00565 5e-05 0.014613 0.010631 0.068633 0.505518 0.001196 0.031383 0.03269 0.027522
0.026613 1e-05 0.142979 0.173305 1e-05 0.012222 1e-05 0.004781 0.056671 0.498792 0.013863 1e-05 0.070198 0.000536
1e-05 1e-05 1e-05 1e-05 1e-05 1e-05 1e-05 0.008008 0.847043 0.00667 1e-05 1e-05 0.135446 0.002743
1e-05 1e-05 1e-05 1e-05 1e-05 1e-05 1e-05 0.002091 0.964375 0.002898 1e-05 1e-05 0.030481 6.5e-05
1e-05 1e-05 1e-05 1e-05 1e-05 1e-05 1e-05 0.008057 0.920507 1e-05 1e-05 1e-05 0.071327 1e-05
1e-05 1e-05 0.004532 1e-05 1e-05 1e-05 0.009283 1e-05 0.811302 0.018446 1e-05 1e-05 0.156346 1e-05
1e-05 1e-05 0.004624 1e-05 0.982174 1e-05 1e-05 1e-05 0.006139 1e-05 0.006963 1e-05 1e-05 1e-05
1e-05 1e-05 1e-05 1e-05 1e-05 1e-05 1e-05 1e-05 0.924973 1e-05 1e-05 1e-05 0.074716 0.000201
0.006752 1e-05 1e-05 1e-05 0.001863 1e-05 0.001179 0.018995 0.817537 1e-05 1e-05 1e-05 0.132094 0.02151
1e-05 1e-05 1e-05 1e-05 1e-05 1e-05 0.00125 1e-05 0.918975 1e-05 1e-05 0.001063 0.066084 0.012538
1e-05 0.021038 0.006523 0.005321 1e-05 1e-05 0.001559 0.001257 0.558286 0.005198 1e-05 0.018021 0.382746 1e-05
0.013125 1e-05 0.014237 0.01098 0.005221 0.004176 0.008172 0.008367 0.725457 0.008459 1e-05 1e-05 0.201765 1e-05
1e-05 1e-05 1e-05 1e-05 1e-05 1e-05 1e-05 0.000233 0.46408 1e-05 0.003167 0.083598 0.448833 1e-05
1e-05 1e-05 0.002169 0.008155 1e-05 0.021549 1e-05 1e-05 0.675845 0.007759 1e-05 0.000813 0.283641 1e-05
0.02402 1e-05 0.127059 0.135862 0.011062 0.012862 0.005171 1e-05 0.29782 0.157775 0.00109 0.026627 0.200622 1e-05
1e-05 1e-05 1e-05 1e-05 1e-05 1e-05 1e-05 1e-05 0.893074 1e-05 0.0038 1e-05 0.097552 0.005475
1e-05 1e-05 1e-05 1e-05 1e-05 0.006551 0.002029 0.004867 0.867308 1e-05 0.002477 1e-05 0.116687 1e-05
1e-05 1e-05 0.002805 0.012307 1e-05 0.010512 0.024994 1e-05 0.54234 0.03198 1e-05 0.013347 0.354959 0.006706
1e-05 0.014458 1e-05 0.028113 1e-05 0.001149 0.021022 1e-05 0.611934 0.004685 1e-05 1e-05 0.318568 1e-05
0.016598 1e-05 0.02872 0.009883 1.4e-05 0.009462 1e-05 1e-05 0.632792 1e-05 1e-05 0.009526 0.290955 0.002001
1e-05 1e-05 0.151186 0.147842 1e-05 0.02691 0.01439 0.010008 0.288008 0.163959 0.004276 0.036815 0.156565 1e-05
1e-05 1e-05 1e-05 1e-05 1e-05 1e-05 1e-05 0.001778 0.869304 0.002524 0.002595 1e-05 0.123709 1e-05
0.001933 1e-05 1e-05 1e-05 1e-05 1e-05 0.007314 0.001351 0.809726 1e-05 0.000859 1e-05 0.163368 0.01538
1e-05 1e-05 1e-05 1e-05 1e-05 1e-05 1e-05 0.008846 0.887415 1e-05 1e-05 1e-05 0.103629 1e-05
0.007025 1e-05 0.017127 0.005627 1e-05 1e-05 1e-05 0.011035 0.561307 0.022466 0.00461 0.022764 0.347988 1e-05
1e-05 0.008488 0.001324 0.024728 1e-05 0.009344 1e-05 1e-05 0.648982 0.013441 1e-05 0.007519 0.286115 1e-05
1e-05 1e-05 1e-05 1e-05 1e-05 0.01701 1e-05 1.7e-05 0.685432 1e-05 1e-05 0.039621 0.253455 0.004385
1e-05 1e-05 0.020776 0.018927 1e-05 0.00601 0.019637 1e-05 0.601281 0.014049 1e-05 0.028206 0.277076 0.013987
0.006273 1e-05 0.140799 0.109172 1e-05 0.010499 0.00542 0.01556 0.319463 0.163792 0.003114 1e-05 0.221275 0.004604
1e-05 1e-05 0.643235 0.044849 0.063682 0.001055 0.01446 0.005439 1e-05 0.191445 0.014429 1e-05 0.016851 0.004515
1e-05 1e-05 0.674057 0.056134 0.074427 1e-05 1e-05 8.6e-05 1e-05 0.145437 1e-05 0.003815 0.04482 0.001165
0.016159 0.002189 0.334433 0.106641 1e-05 1e-05 1e-05 0.00228 1e-05 0.494102 0.023734 0.017316 1e-05 0.003095
0.013082 1e-05 0.271274 0.103153 0.045707 0.014313 0.02212 1e-05 1e-05 0.523638 1e-05 1e-05 1e-05 0.006654
0.004039 0.005175 0.30263 0.092408 0.000922 0.023167 0.007562 0.011587 1e-05 0.544074 1e-05 0.006781 0.001624 1e-05
1e-05 1e-05 0.301489 0.116962 1e-05 0.032851 0.006736 1.7e-05 1e-05 0.519912 0.009837 0.0102 0.001946 1e-05
1e-05 0.017155 0.24511 0.102369 0.033535 0.013233 1e-05 0.000826 1e-05 0.569321 0.002266 0.010241 0.005905 1e-05
0.045985 1e-05 0.124429 0.116206 0.003045 0.013461 1e-05 1e-05 0.268406 0.16461 0.008478 1e-05 0.255331 1e-05
1e-05 1e-05 0.129107 0.116216 1e-05 0.03023 1e-05 1e-05 0.252746 0.218831 0.010599 0.037126 0.205085 1e-05
1e-05 1e-05 0.30825 0.121459 0.025429 0.021417 1e-05 0.020245 1e-05 0.492877 1e-05 1e-05 1e-05 0.010253
1e-05 1e-05 0.325468 0.105258 0.056413 0.010304 1e-05 0.017888 1e-05 0.440344 0.014406 0.005545 0.023658 0.000675
1e-05 0.020631 0.160025 0.144307 1e-05 0.005265 0.031509 0.005476 1e-05 0.587637 1e-05 0.001709 0.025931 0.01747
1e-05 0.007515 0.194568 0.176463 1e-05 0.017352 0.008984 0.013242 0.001381 0.513766 0.0109 0.020286 0.029355 0.006169
0.011771 1e-05 0.179788 0.189592 1e-05 0.007372 0.012474 0.018437 1e-05 0.551839 0.006735 0.017566 0.004386 1e-05
1e-05 1e-05 0.152053 0.232002 1e-05 0.039897 0.020074 0.001858 1e-05 0.523563 1e-05 0.022149 0.007871 0.000483
0.017285 1e-05 0.143371 0.224659 1e-05 0.029284 0.008942 1e-05 1e-05 0.548899 1e-05 0.009763 0.017737 1e-05
1e-05 1e-05 0.115534 0.107284 1.1e-05 0.011323 0.034341 1e-05 0.057433 0.587221 1e-05 1e-05 0.064164 0.02264
0.008928 1e-05 0.116678 0.156916 1e-05 0.030675 0.007795 0.006955 0.063731 0.532926 1e-05 0.023353 0.03353 0.018483
1e-05 1e-05 1e-05 1e-05 1e-05 1e-05 1e-05 1e-05 0.870537 1e-05 1e-05 0.005253 0.1241 1e-05
1e-05 0.003068 1e-05 1e-05 1e-05 1e-05 1e-05 0.003018 0.978062 1e-05 1e-05 1e-05 0.015752 1e-05
1e-05 1e-05 1e-05 1e-05 1e-05 1e-05 1e-05 0.004013 0.857257 1e-05 1e-05 1e-05 0.138621 1e-05
1e-05 1e-05 0.026775 0.005832 0.001872 1e-05 1e-05 0.004597 0.763541 0.000934 0.001162 1e-05 0.183889 0.011347
