1e-05 1e-05 0.987473 0.012507
0.00072 1e-05 0.994008 0.005261
0.008204 1e-05 0.991776 1e-05
0.0032 0.002914 0.982826 0.01106
0.008873 0.00374 0.980309 0.007079
1e-05 0.007969 0.987547 0.004474
1.1e-05 1e-05 0.999969 1e-05
0.003334 1e-05 0.996646 1e-05
1e-05 1e-05 0.99478 0.0052
1e-05 1e-05 0.990345 0.009635
1e-05 0.009523 0.986944 0.003523
0.001806 0.016228 0.978332 0.003635
1e-05 1e-05 0.99997 1e-05
1e-05 1e-05 0.99997 1e-05
1e-05 0.018095 0.96968 0.012216
1e-05 0.024373 0.960221 0.015396
0.006831 1e-05 0.993149 1e-05
1e-05 0.77117 0.220773 0.008047
1e-05 0.730935 0.26345 0.005605
1e-05 0.769504 0.206927 0.023559
1e-05 0.858614 0.127206 0.014171
0.006001 0.797469 0.167223 0.029308
1e-05 0.800785 0.145865 0.05334
1e-05 0.911693 0.067999 0.020298
1e-05 0.898032 0.072575 0.029383
0.003108 0.905815 0.049624 0.041453
1e-05 0.908151 0.051768 0.040071
1e-05 0.855924 0.098384 0.045682
1e-05 0.873038 0.106694 0.020257
1e-05 0.860563 0.104067 0.035359
0.013605 0.834526 0.115811 0.036057
1e-05 0.838438 0.112069 0.049483
0.016234 0.792013 0.030466 0.161286
0.018604 0.747306 0.067324 0.166766
0.010155 0.769228 0.060329 0.160289
0.01503 0.792287 0.032522 0.160161
0.06112 0.402999 0.01659 0.519291
1e-05 1e-05 0.99997 1e-05
0.002269 0.07013 0.926585 0.001016
1e-05 0.735646 0.241254 0.02309
1e-05 0.706772 0.29088 0.002337
1e-05 0.877544 0.099773 0.022674
1e-05 0.82113 0.14287 0.035989
1e-05 0.819055 0.156604 0.024331
1e-05 0.756354 0.215686 0.02795
0.000846 0.911071 0.054243 0.03384
0.011392 0.886911 0.054943 0.046754
1e-05 0.914271 0.054879 0.03084
1e-05 0.856337 0.103189 0.040463
1e-05 0.85824 0.105434 0.036316
1e-05 0.865122 0.086798 0.048069
0.018213 0.78526 0.035109 0.161418
0.006508 1e-05 0.99331 0.000172
0.001192 1e-05 0.987905 0.010892
1e-05 1e-05 0.9855 0.01448
1e-05 0.00787 0.988467 0.003653
1e-05 0.014678 0.985302 1e-05
1e-05 1e-05 0.99997 1e-05
1e-05 1e-05 0.99997 1e-05
1e-05 0.025531 0.961742 0.012717
1e-05 0.735216 0.264764 1e-05
1e-05 0.736794 0.249593 0.013603
1e-05 0.70561 0.267776 0.026604
1e-05 0.831062 0.105901 0.063027
0.019205 0.853052 0.125314 0.002429
0.005556 0.816534 0.136642 0.041267
1e-05 0.903334 0.064081 0.032575
1e-05 0.911132 0.046916 0.041942
0.012045 0.89608 0.044252 0.047622
1e-05 0.899016 0.064456 0.036518
1e-05 0.847734 0.12445 0.027806
1e-05 0.87475 0.103427 0.021813
0.003302 1e-05 0.996678 1e-05
1e-05 0.00473 0.989458 0.005802
0.009305 1e-05 0.985371 0.005315
0.003971 0.018018 0.975759 0.002252
1e-05 0.006615 0.985394 0.00798
1e-05 1e-05 0.99997 1e-05
1e-05 1e-05 0.99997 1e-05
1e-05 0.028748 0.956778 0.014464
1e-05 0.739022 0.237859 0.023109
1e-05 0.7378 0.256592 0.005599
0.006777 0.720858 0.272355 1e-05
0.011554 0.813206 0.13789 0.037349
1e-05 0.81044 0.138747 0.050803
0.002984 0.831343 0.132943 0.03273
1e-05 0.842146 0.126721 0.031122
1e-05 0.899813 0.076108 0.024069
1e-05 0.889997 0.077503 0.03249
1e-05 0.896864 0.066247 0.036879
1e-05 0.845437 0.114534 0.040019
1e-05 1e-05 0.995213 0.004767
0.002287 1e-05 0.991493 0.006209
0.004253 1e-05 0.995727 1e-05
1e-05 0.008645 0.976778 0.014567
1e-05 0.020846 0.976418 0.002726
0.006227 0.010566 0.983197 1e-05
1e-05 1e-05 0.99997 1e-05
1e-05 0.030946 0.947269 0.021775
1e-05 1e-05 0.99997 1e-05
0.012883 0.008263 0.972686 0.006168
1e-05 0.02726 0.949817 0.022913
1e-05 0.755742 0.227392 0.016855
1e-05 0.731179 0.252851 0.01596
0.003065 0.717898 0.269757 0.00928
1e-05 0.83494 0.128087 0.036962
1e-05 0.782229 0.192172 0.025588
1e-05 0.802789 0.174228 0.022974
1e-05 0.871443 0.101124 0.027424
1e-05 0.9206 0.049473 0.029917
1e-05 0.919449 0.05975 0.020791
1e-05 0.915739 0.041768 0.042483
1e-05 0.863143 0.109521 0.027326
1e-05 0.847771 0.113987 0.038233
1e-05 0.004368 0.995612 1e-05
1e-05 1e-05 0.99997 1e-05
0.004156 0.000767 0.99417 0.000907
1e-05 0.010852 0.989128 1e-05
1e-05 1e-05 0.99997 1e-05
1e-05 1e-05 0.99997 1e-05
1e-05 1e-05 0.99997 1e-05
1e-05 0.101063 0.877227 0.0217
1e-05 1e-05 0.991891 0.008089
1e-05 0.703922 0.276088 0.019979
1e-05 0.725159 0.26941 0.005421
1e-05 0.723719 0.263051 0.01322
1e-05 0.856414 0.102345 0.041231
1e-05 0.833072 0.125899 0.041019
1e-05 0.824089 0.135703 0.040198
1e-05 0.862387 0.107174 0.030429
1e-05 0.898815 0.040875 0.0603
1e-05 0.912271 0.048656 0.039063
1e-05 0.884671 0.076402 0.038917
1e-05 0.91224 0.045665 0.042085
1e-05 0.82907 0.153938 0.016982
1e-05 0.734277 0.217867 0.047846
1e-05 1e-05 0.99997 1e-05
0.006747 1e-05 0.989731 0.003512
1e-05 1e-05 0.99997 1e-05
0.011276 0.006644 0.981999 8.1e-05
0.004079 0.002496 0.993415 1e-05
1e-05 0.0107 0.979483 0.009807
1e-05 1e-05 0.99997 1e-05
1e-05 0.102218 0.880978 0.016794
1e-05 1e-05 0.993987 0.005993
1e-05 0.691322 0.299359 0.009309
1e-05 0.740506 0.246718 0.012767
1e-05 0.822112 0.147338 0.03054
1e-05 0.76161 0.201997 0.036384
1e-05 0.85631 0.115914 0.027767
0.00171 0.913189 0.071047 0.014054
1e-05 0.893772 0.05296 0.053258
1e-05 0.89968 0.060929 0.039381
1e-05 0.91755 0.06111 0.02133
0.003015 0.847382 0.099725 0.049878
0.000426 1e-05 0.999554 1e-05
0.001614 1e-05 0.988695 0.009681
0.010723 1e-05 0.987421 0.001846
0.004527 1e-05 0.975888 0.019574
0.002027 0.014381 0.983582 1e-05
1e-05 1e-05 0.99997 1e-05
1e-05 0.011645 0.985508 0.002837
1e-05 0.697659 0.28895 0.013381
1e-05 0.825336 0.131585 0.043069
1e-05 0.861151 0.134384 0.004455
1e-05 0.848127 0.12307 0.028793
1e-05 0.835444 0.125432 0.039114
0.003734 0.846952 0.107278 0.042036
0.003876 0.909472 0.067475 0.019177
1e-05 0.894427 0.064949 0.040615
1e-05 0.835386 0.120321 0.044283
0.001696 1e-05 0.992576 0.005718
0.006877 1e-05 0.993103 1e-05
1e-05 0.007866 0.992114 1e-05
1e-05 0.025161 0.96823 0.006599
1e-05 1e-05 0.99997 1e-05
1e-05 0.862364 0.106594 0.031032
1e-05 0.910652 0.077073 0.012265
1e-05 0.85829 0.101524 0.040175
0.002853 0.911372 0.064899 0.020877
1e-05 0.903644 0.05737 0.038976
0.008604 0.856319 0.114973 0.020105
1e-05 0.852977 0.105965 0.041048
1e-05 0.844527 0.102316 0.053146
1e-05 0.844443 0.106256 0.049291
0.014963 0.771144 0.051325 0.162568
0.02062 0.792713 0.037325 0.149342
0.007879 0.783275 0.05489 0.153956
0.003513 0.789384 0.046042 0.161061
0.005786 0.764495 0.066276 0.163443
1e-05 1e-05 0.99997 1e-05
1e-05 1e-05 0.99427 0.00571
0.001329 1e-05 0.980065 0.018596
1e-05 0.008313 0.986173 0.005504
0.000901 0.012504 0.986585 1e-05
1e-05 1e-05 0.99997 1e-05
1e-05 1e-05 0.99997 1e-05
1e-05 0.857448 0.103382 0.039161
1e-05 0.842568 0.116389 0.041033
1e-05 0.888526 0.071344 0.04012
0.006147 0.888307 0.067884 0.037662
0.003686 0.923178 0.05339 0.019746
1e-05 0.928919 0.039814 0.031257
1e-05 0.848707 0.107437 0.043846
1e-05 0.86285 0.093599 0.043541
1e-05 0.768805 0.19048 0.040705
0.002538 0.769836 0.060215 0.167412
0.01229 0.811344 0.041524 0.134842
0.046798 0.419543 0.002862 0.530797
0.004805 1e-05 0.979527 0.015658
0.002279 1e-05 0.993197 0.004514
0.004655 0.012437 0.982898 1e-05
1e-05 1e-05 0.99997 1e-05
0.005896 0.841752 0.124295 0.028058
1e-05 0.862997 0.107623 0.02937
0.00573 0.899288 0.058043 0.036939
0.005658 0.904522 0.048916 0.040904
0.008594 0.909037 0.041969 0.0404
1e-05 0.811801 0.161644 0.026545
1e-05 0.909969 0.063123 0.026898
1e-05 0.814877 0.149399 0.035714
0.019325 0.798988 0.02606 0.155628
0.026895 0.782324 0.054799 0.135983
0.010538 0.73893 0.04316 0.207372
0.008107 0.767047 0.079238 0.145608
0.047561 0.507058 0.005616 0.439765
1e-05 0.810975 0.134897 0.054119
0.000447 1e-05 0.991829 0.007714
0.003553 0.008213 0.987058 0.001176
1e-05 1e-05 0.99997 1e-05
0.000587 0.003194 0.995669 0.00055
1e-05 0.714716 0.270476 0.014798
1e-05 0.650607 0.338678 0.010705
1e-05 0.887446 0.09476 0.017783
1e-05 0.812031 0.150719 0.037241
1e-05 0.902202 0.055725 0.042063
1e-05 0.892662 0.055477 0.051852
1e-05 0.906969 0.075098 0.017923
0.017031 0.8388 0.106707 0.037463
1e-05 0.808244 0.153115 0.038631
1e-05 0.792409 0.051657 0.155925
0.000553 0.730621 0.085327 0.1835
0.018627 0.785062 0.058802 0.137508
0.030009 0.79616 0.050881 0.12295
0.006407 0.831258 0.12385 0.038485
1e-05 0.871334 0.100316 0.02834
1e-05 0.790648 0.180637 0.028705
1e-05 0.77705 0.055708 0.167231
0.015637 0.791733 0.036988 0.155642
0.011611 0.818202 0.053423 0.116764
0.044753 0.783256 0.040208 0.131783
0.042352 0.460752 0.003199 0.493697
0.038777 0.474153 0.011591 0.475479
0.011916 0.804485 0.065149 0.11845
0.011779 0.805965 0.068332 0.113924
0.019205 0.693789 0.097148 0.189858
0.016712 0.729652 0.035537 0.2181
0.018714 0.721296 0.034605 0.225385
0.036557 0.748736 0.008765 0.205942
0.01656 0.752626 0.054839 0.175974
0.026982 0.747956 0.034853 0.190208
0.029933 0.669071 0.017622 0.283373
0.037582 0.67723 0.027828 0.25736
1e-05 1e-05 1e-05 0.99997
0.003171 0.008731 1e-05 0.988088
0.006785 1e-05 1e-05 0.993195
0.009693 0.018901 0.008071 0.963334
1e-05 0.843419 0.124649 0.031922
1e-05 0.842777 0.12019 0.037023
1e-05 0.841187 0.10877 0.050033
0.025598 0.74922 0.060669 0.164513
0.027957 0.771745 0.073602 0.126696
0.005432 0.8003 0.043623 0.150645
0.005669 0.75889 0.068022 0.167419
0.042386 0.442458 0.017222 0.497934
1e-05 0.823198 0.051709 0.125083
1e-05 0.789531 0.081253 0.129206
0.003296 0.681145 0.086331 0.229229
0.034939 0.723174 0.024814 0.217073
0.016751 0.761132 0.033665 0.188452
1e-05 0.692526 0.064589 0.242875
0.040528 0.726249 0.050524 0.182699
0.041572 0.760302 0.038331 0.159795
0.043383 0.622961 0.039876 0.293779
0.027723 0.647204 0.031762 0.293312
0.008009 1e-05 1e-05 0.991971
1e-05 1e-05 1e-05 0.99997
1e-05 1e-05 1e-05 0.99997
0.00633 0.020398 1e-05 0.973262
1e-05 0.827018 0.150039 0.022933
0.001206 0.844752 0.107362 0.04668
1e-05 0.860134 0.104607 0.035248
0.000867 0.75963 0.090343 0.149161
0.011624 0.788856 0.045131 0.154389
0.01494 0.758587 0.046475 0.179998
1e-05 0.753275 0.055638 0.191076
0.051027 0.416181 0.029249 0.503543
0.048253 0.417631 0.006434 0.527682
0.01445 0.741366 0.122262 0.121922
1e-05 0.676809 0.124537 0.198644
0.008028 0.705188 0.050183 0.236602
0.014432 0.749804 0.016539 0.219226
0.027959 0.76017 0.035907 0.175964
0.025651 0.689129 0.035521 0.249699
0.011615 0.776349 0.058496 0.15354
0.032344 0.754462 0.040025 0.173169
0.030971 0.755321 0.032995 0.180713
0.009528 0.67503 0.039698 0.275744
0.031622 0.646982 0.037211 0.284185
1e-05 1e-05 1e-05 0.99997
1e-05 1e-05 1e-05 0.99997
1e-05 1e-05 1e-05 0.99997
0.000931 0.018759 1e-05 0.980299
1e-05 0.849585 0.122401 0.028003
0.020782 0.761541 0.093944 0.123733
0.019725 0.645656 0.029892 0.304726
0.030481 0.743331 0.051764 0.174425
0.033181 0.458993 0.019658 0.488168
1e-05 0.857472 0.093324 0.049195
0.064176 0.420077 0.017622 0.498125
0.010389 0.782198 0.055331 0.152082
0.002802 0.704831 0.05148 0.240887
0.009981 0.712237 0.040361 0.23742
0.031426 0.746523 0.029842 0.192209
0.02429 0.757944 0.035895 0.181871
0.022373 0.784227 0.030939 0.162461
0.040814 0.738568 0.041594 0.179023
0.053571 0.754726 0.052614 0.139089
0.033731 0.64189 0.040041 0.284339
0.02453 0.668644 0.039148 0.267678
1e-05 0.004597 1e-05 0.995383
1e-05 1e-05 1e-05 0.99997
0.006607 1e-05 1e-05 0.993373
0.011628 0.015868 1e-05 0.972494
1e-05 1e-05 0.994093 0.005887
1e-05 1e-05 1e-05 0.99997
0.027395 1e-05 0.002417 0.970177
1e-05 1e-05 1e-05 0.99997
0.058672 0.026819 1e-05 0.9145
0.04193 0.034132 0.004413 0.919525
0.065645 0.016146 0.003197 0.915012
0.032193 0.023537 1e-05 0.94426
0.054994 0.384304 0.020221 0.54048
1e-05 1e-05 0.003692 0.996288
0.008076 1e-05 1e-05 0.991904
0.065432 0.047206 0.000125 0.887237
0.062145 0.038517 1e-05 0.899327
0.048678 0.049123 1e-05 0.902189
0.057887 0.428145 0.010985 0.502984
1e-05 1e-05 0.002766 0.997214
0.011984 1e-05 0.000127 0.98788
0.005066 1e-05 1e-05 0.994914
0.050846 0.044738 0.004888 0.899529
0.038361 0.039246 1e-05 0.922384
0.04203 0.005527 1e-05 0.952433
0.046224 0.06198 1e-05 0.891786
0.042759 0.378725 0.009917 0.5686
1e-05 0.848795 0.109189 0.042007
1e-05 0.86419 0.102261 0.033539
0.000773 0.812022 0.05366 0.133545
0.022592 0.75891 0.084767 0.13373
0.019646 0.794895 0.043168 0.142291
0.005181 0.803538 0.039697 0.151584
0.00449 0.754502 0.071254 0.169753
0.070103 0.367501 0.021594 0.540802
0.039028 0.414275 0.016468 0.530228
0.008469 0.795687 0.066876 0.128968
1e-05 0.75436 0.106815 0.138815
0.036755 0.727326 0.019616 0.216303
0.025636 0.740796 0.038666 0.194901
0.033928 0.762903 0.040266 0.162902
0.04206 0.768126 0.016731 0.173082
0.038662 0.777876 0.013231 0.17023
0.017413 0.636743 0.036808 0.309036
0.033651 0.656072 0.015124 0.295152
1e-05 1.9e-05 1e-05 0.999961
0.003571 1e-05 1e-05 0.996409
1e-05 1e-05 1e-05 0.99997
1e-05 0.042025 0.005205 0.95276
0.055744 0.404548 0.007463 0.532244
0.036754 0.608339 0.033642 0.321265
0.013951 0.693615 0.090051 0.202383
0.033073 0.791257 0.053611 0.122059
0.034334 0.709463 0.049649 0.206553
0.023126 0.749466 0.036505 0.190903
0.01554 0.725027 0.037002 0.22243
0.022448 0.750774 0.043772 0.183005
0.02404 0.769075 0.033092 0.173793
0.034323 0.771112 0.025984 0.168581
0.036245 0.643599 0.023234 0.296922
0.027469 0.64421 0.043236 0.285086
0.005604 0.009394 1e-05 0.984992
1e-05 1e-05 1e-05 0.99997
0.002522 0.024892 0.013396 0.95919
1e-05 1e-05 8.2e-05 0.999898
0.029568 0.003281 0.004116 0.963035
1e-05 1e-05 1e-05 0.99997
0.068949 0.025785 1e-05 0.905256
0.052808 0.038318 1e-05 0.908864
0.040115 0.02896 0.010047 0.920878
0.057486 0.425279 0.008317 0.508917
0.070502 0.410629 0.01718 0.50169
0.002829 0.780668 0.073724 0.142779
0.024439 0.782541 0.054805 0.138214
0.018718 0.686362 0.035577 0.259342
0.00968 0.686798 0.055334 0.248188
0.039871 0.741705 0.035179 0.183246
0.040936 0.713339 0.032355 0.21337
0.020165 0.767596 0.044045 0.168194
0.016065 0.792458 0.018263 0.173214
0.043433 0.651874 0.036349 0.268344
0.015078 1e-05 1e-05 0.984902
1e-05 1e-05 1e-05 0.99997
1e-05 1e-05 1e-05 0.99997
0.02348 0.023437 1e-05 0.953073
1e-05 1e-05 1e-05 0.99997
0.033856 0.008441 1e-05 0.957693
1e-05 1e-05 1e-05 0.99997
0.057402 0.021569 0.004881 0.916148
0.046403 0.021482 0.001776 0.930339
0.031467 0.016514 0.000771 0.951249
0.071692 0.351232 1e-05 0.577067
0.015828 0.753094 0.089292 0.141786
0.004595 0.753916 0.078929 0.16256
0.006556 0.745528 0.062931 0.184985
0.024823 0.71621 0.030645 0.228322
0.01773 0.745193 0.031828 0.205249
0.03479 0.762502 0.018841 0.183867
0.009552 0.795025 0.045985 0.149438
0.041602 0.747278 0.029176 0.181943
0.016336 0.781889 0.030425 0.17135
0.011389 0.661092 0.033642 0.293878
0.045075 0.630331 0.03996 0.284633
0.001437 0.012094 1e-05 0.986459
1e-05 1e-05 1e-05 0.99997
1.9e-05 1e-05 0.001863 0.998108
0.033974 0.020533 0.001291 0.944202
0.005787 1.1e-05 1e-05 0.994192
0.025174 0.004792 1e-05 0.970023
1e-05 1e-05 1e-05 0.99997
0.103867 0.019035 1e-05 0.877088
0.0347 0.04528 0.002915 0.917105
0.037266 0.094323 0.004434 0.863977
0.052725 0.489472 0.003968 0.453835
0.05326 0.44225 0.013638 0.490852
0.015733 0.752013 0.094241 0.138013
0.001416 0.767307 0.08098 0.150298
0.025562 0.717232 0.048057 0.209149
0.033494 0.686398 0.058487 0.221622
0.032828 0.758942 0.041326 0.166904
0.037128 0.778114 0.032193 0.152565
0.035533 0.766379 0.027715 0.170373
0.024628 0.778209 0.029618 0.167545
0.031626 0.766715 0.033021 0.168638
0.044116 0.641067 0.037368 0.277449
0.02796 0.66188 0.042507 0.267653
0.018375 1e-05 0.003042 0.978572
0.007821 0.007446 1e-05 0.984723
0.006722 1e-05 1e-05 0.993258
0.016773 0.020401 1e-05 0.962816
0.010439 1e-05 1e-05 0.989541
1e-05 1e-05 1e-05 0.99997
0.044107 0.034916 1e-05 0.920968
0.052349 0.028826 1e-05 0.918815
0.040209 0.054478 0.000751 0.904561
0.057888 1e-05 1e-05 0.942092
1e-05 1e-05 0.00817 0.99181
0.045477 0.409393 0.028925 0.516204
0.014126 0.793144 0.055778 0.136952
0.002234 0.729401 0.039899 0.228466
0.05622 0.730699 0.02921 0.183871
0.038345 0.749538 0.034296 0.17782
0.049608 0.653424 0.033522 0.263446
0.02861 0.662992 0.024917 0.28348
1e-05 1e-05 1e-05 0.99997
1e-05 1e-05 1e-05 0.99997
1e-05 1e-05 1e-05 0.99997
1e-05 1e-05 1e-05 0.99997
0.014992 0.787796 0.067661 0.12955
0.020181 1e-05 1e-05 0.979799
1e-05 1e-05 1e-05 0.99997
0.074163 0.039201 1e-05 0.886626
0.064528 0.032545 1e-05 0.902916
0.070157 0.018534 0.000848 0.910462
0.038393 0.506066 0.004109 0.451432
1e-05 1e-05 1e-05 0.99997
0.015274 0.74049 0.09859 0.145647
1e-05 0.818327 0.058717 0.122946
1e-05 0.671968 0.117214 0.210808
0.024153 0.719779 0.040117 0.215951
0.034178 0.737242 0.045746 0.182834
0.004928 0.764439 0.027382 0.203251
1e-05 0.774114 0.087347 0.13853
0.007005 0.705099 0.059981 0.227914
0.026656 0.733578 0.045649 0.194117
0.014924 0.729552 0.034254 0.22127
0.001327 1e-05 1e-05 0.998653
0.075116 0.015571 0.001158 0.908156
0.018954 1e-05 0.000498 0.980539
1e-05 1e-05 1e-05 0.99997
0.063247 0.048147 1e-05 0.888596
0.034803 0.041955 0.002533 0.92071
0.035719 0.227659 0.004218 0.732405
0.055585 0.430232 0.01114 0.503042
0.011871 1e-05 0.002729 0.98539
0.034202 0.751099 0.030231 0.184467
0.040434 0.62431 0.047364 0.287892
0.020933 0.653164 0.03112 0.294783
0.035796 0.660484 0.02785 0.275869
1e-05 1e-05 1e-05 0.99997
1e-05 1e-05 1e-05 0.99997
0.001022 1e-05 1e-05 0.998958
0.000497 1e-05 1e-05 0.999483
0.009587 1e-05 0.003206 0.987196
0.074286 0.023533 0.00162 0.900562
0.039371 0.05331 0.000143 0.907176
0.034862 0.059633 1e-05 0.905496
0.046248 0.022543 0.003637 0.927572
0.02717 0.0261 0.000382 0.946349
1e-05 1e-05 0.004826 0.995154
0.010602 1e-05 0.005977 0.983411
0.00395 1e-05 1e-05 0.99603
0.067129 0.031691 1e-05 0.90117
0.034094 0.047316 1e-05 0.918579
0.053205 0.011325 0.015003 0.920467
0.03719 0.457191 0.022971 0.482648
1e-05 1e-05 0.004764 0.995216
1e-05 1e-05 1e-05 0.99997
1e-05 0.006186 0.006445 0.98736
1e-05 1e-05 1e-05 0.99997
0.026231 0.058306 0.015864 0.899599
0.097328 0.104706 0.002408 0.795558
0.093594 0.163295 1e-05 0.743101
1e-05 1e-05 1e-05 0.99997
0.013056 1e-05 1e-05 0.986924
0.02719 1e-05 1e-05 0.97279
1e-05 1e-05 0.017781 0.982199
0.013155 0.248557 0.146334 0.591954
0.013337 0.254445 0.140543 0.591676
1e-05 0.176784 0.130231 0.692975
0.002019 0.190857 0.120198 0.686926
0.020277 0.975515 1e-05 0.004197
0.03396 0.952151 1e-05 0.01388
0.014465 0.978361 0.007163 1e-05
0.012533 0.986858 0.000599 1e-05
0.00348 0.979028 0.017482 1e-05
1e-05 0.979173 0.014239 0.006578
1e-05 0.967963 0.029399 0.002628
0.001273 0.963576 0.003321 0.03183
0.044015 0.955965 1e-05 1e-05
0.026736 0.969366 1e-05 0.003888
1e-05 1e-05 1e-05 0.99997
0.004169 1e-05 0.00312 0.992702
0.053399 0.075102 0.004523 0.866975
0.079899 0.132275 1e-05 0.787816
0.015819 1.9e-05 1e-05 0.984152
0.005385 1e-05 1e-05 0.994595
0.011229 0.074685 0.022587 0.891499
1e-05 0.228842 0.168627 0.602521
0.003698 0.246722 0.148255 0.601326
1e-05 0.183926 0.126761 0.689304
0.019977 0.970203 1e-05 0.00981
0.031766 0.957174 1e-05 0.01105
0.076024 0.022838 1e-05 0.901127
0.015624 0.977279 1e-05 0.007087
0.0111 0.983705 1e-05 0.005185
0.014899 0.968984 0.016107 1e-05
1e-05 0.975146 0.024834 1e-05
1e-05 0.981058 0.018922 1e-05
0.010637 0.970486 0.001048 0.017829
0.020326 0.961299 1e-05 0.018365
0.014862 0.960522 1e-05 0.024607
1e-05 0.000452 1e-05 0.999528
0.005941 0.015601 0.000189 0.978269
0.030456 0.041361 1e-05 0.928174
0.098028 0.149589 1e-05 0.752373
0.095566 0.090362 1e-05 0.814062
0.022988 1e-05 1e-05 0.976992
0.012246 1e-05 1e-05 0.987734
0.008007 1e-05 0.000428 0.991555
0.006465 0.054383 0.022799 0.916353
1e-05 0.23652 0.155897 0.607573
0.016878 0.18838 0.1124 0.682342
0.027532 0.972448 1e-05 1e-05
0.022463 0.952442 0.010219 0.014877
0.041317 0.948494 1e-05 0.010179
0.02782 0.961166 0.002991 0.008023
0.029175 0.95251 1e-05 0.018305
1e-05 0.978658 0.021322 1e-05
1e-05 0.986206 0.008265 0.005519
0.01794 0.958168 1e-05 0.023882
0.029781 0.954533 0.012993 0.002693
0.039043 0.957921 1e-05 0.003027
0.043781 0.945098 1e-05 0.011111
0.003797 0.007629 0.004124 0.98445
0.005356 1e-05 0.008804 0.98583
0.018835 0.009694 0.005277 0.966194
0.030245 0.089272 0.006476 0.874008
0.062781 0.123645 1e-05 0.813563
0.008519 1e-05 1e-05 0.991461
0.026909 1e-05 0.001275 0.971806
0.012781 1e-05 1e-05 0.987199
0.00648 0.10743 0.026535 0.859556
0.005204 0.259806 0.147671 0.587319
0.008922 0.194868 0.121876 0.674333
0.023307 0.960971 0.000585 0.015138
0.009753 0.970771 0.004526 0.014949
1e-05 0.967163 0.014043 0.018784
0.039456 0.667744 0.029726 0.263075
0.051325 0.660749 0.023673 0.264253
0.020849 0.012021 1e-05 0.96712
1e-05 1e-05 1e-05 0.99997
0.012744 0.015247 0.007057 0.964952
1e-05 0.83747 0.117436 0.045085
1e-05 1e-05 0.007101 0.992879
1e-05 1e-05 1e-05 0.99997
0.010509 0.011723 0.000535 0.977234
0.025318 0.081485 0.003634 0.889563
0.096717 0.192507 0.002118 0.708658
0.098284 0.091341 0.007451 0.802925
0.015623 1e-05 1e-05 0.984357
0.017537 1e-05 1e-05 0.982443
0.026774 1e-05 1e-05 0.973206
0.003953 0.031313 0.023691 0.941044
0.000889 0.259332 0.156793 0.582986
1e-05 0.184246 0.127192 0.688552
0.001808 0.199845 0.114356 0.683991
0.039972 0.954775 0.004674 0.000579
0.038845 0.957991 0.003154 1e-05
0.038492 0.952204 1e-05 0.009294
1e-05 1e-05 1e-05 0.99997
0.009921 0.003248 0.012912 0.973919
0.127668 0.100866 1e-05 0.771456
0.091025 0.092756 1e-05 0.816209
0.005767 1e-05 1e-05 0.994213
0.019822 1e-05 1e-05 0.980158
1e-05 1e-05 1e-05 0.99997
0.008144 0.010604 1e-05 0.981242
0.016814 0.058429 1e-05 0.924747
0.105365 0.086748 1e-05 0.807878
0.088353 0.088311 0.007909 0.815427
0.019328 1e-05 1e-05 0.980652
0.016537 1e-05 1e-05 0.983443
0.025789 1e-05 1e-05 0.974191
1e-05 0.077942 0.02435 0.897698
0.005235 0.232002 0.146906 0.615857
1e-05 0.192156 0.111817 0.696017
0.031752 0.955954 0.009391 0.002903
0.020929 0.958569 1e-05 0.020493
0.007526 0.963761 0.008689 0.020024
0.0081 0.984549 1e-05 0.007341
0.002487 0.976689 0.012077 0.008747
0.002825 0.986179 0.010986 1e-05
0.019966 0.959167 1e-05 0.020857
0.021241 0.92659 0.026519 0.025649
0.029028 0.954856 1e-05 0.016106
0.026455 0.876174 0.004012 0.093359
0.009794 0.786398 0.041465 0.162343
0.013753 1e-05 0.018438 0.967799
1e-05 1e-05 1e-05 0.99997
0.013676 0.006513 1e-05 0.979801
0.03387 0.080339 0.001804 0.883986
0.099817 0.119965 0.00638 0.773838
0.096914 0.150294 1e-05 0.752782
1e-05 1e-05 0.006585 0.993395
0.017986 1e-05 1e-05 0.981994
0.020233 1e-05 1e-05 0.979747
0.001098 0.24514 0.155728 0.598034
1e-05 0.189057 0.128946 0.681987
0.033586 0.961664 0.00474 1e-05
0.02258 0.964431 0.007356 0.005633
0.027712 0.961304 0.000377 0.010607
0.05229 0.871629 1e-05 0.076071
0.028496 0.868952 0.003003 0.09955
0.041694 0.858075 1e-05 0.100221
0.899853 0.042571 0.004526 0.05305
0.653799 0.258029 0.018656 0.069516
0.014563 0.225367 0.143045 0.617026
1e-05 0.255542 0.158377 0.586071
0.008313 0.203579 0.109423 0.678685
1e-05 0.954503 0.011486 0.034001
0.002347 0.001876 0.002824 0.992953
0.004318 1e-05 1e-05 0.995662
0.022445 0.078854 1e-05 0.898691
0.10622 0.09864 1e-05 0.795129
0.115929 0.108945 1e-05 0.775116
0.020857 1e-05 1e-05 0.979123
1e-05 0.98123 1e-05 0.01875
0.016821 0.983159 1e-05 1e-05
1e-05 0.989313 0.010667 1e-05
1e-05 0.984314 0.015666 1e-05
0.003987 0.966707 0.019559 0.009747
0.019811 0.953658 0.010679 0.015852
0.045974 0.954006 1e-05 1e-05
0.038822 0.84852 0.012427 0.100231
0.975279 1e-05 1e-05 0.024701
0.972395 1e-05 1e-05 0.027585
0.983362 1e-05 1e-05 0.016618
0.979933 1e-05 1e-05 0.020047
0.994098 1e-05 1e-05 0.005882
0.981551 1e-05 1e-05 0.018429
0.012508 0.00019 0.013093 0.974208
0.005648 1e-05 1e-05 0.994332
0.024531 0.059112 0.009487 0.90687
0.10924 0.104839 1e-05 0.785911
0.10581 0.14518 1e-05 0.749
0.01528 1e-05 1e-05 0.9847
0.016209 1.7e-05 1e-05 0.983764
1e-05 0.085098 0.02429 0.890602
1e-05 0.250131 0.150038 0.599822
0.039147 0.956374 0.004468 1e-05
0.011662 0.972479 0.008214 0.007645
0.016076 0.968575 1e-05 0.015339
0.971431 1e-05 1e-05 0.028549
0.981368 1e-05 1e-05 0.018612
0.000689 0.990408 0.008894 1e-05
1e-05 0.980399 0.019581 1e-05
1e-05 0.989317 0.010663 1e-05
1e-05 0.081396 0.033054 0.885539
0.007556 0.249243 0.150339 0.592862
1e-05 0.24714 0.149842 0.603008
0.043228 0.955431 0.00133 1e-05
0.017178 0.967108 1e-05 0.015704
0.022185 0.977795 1e-05 1e-05
0.020974 0.964994 0.014022 1e-05
0.011648 0.988332 1e-05 1e-05
1e-05 0.972685 0.025704 0.001601
1e-05 0.982469 0.005329 0.012192
0.016839 0.965391 0.008691 0.00908
0.025339 0.949746 0.019209 0.005705
0.043611 0.945762 0.002751 0.007876
0.031497 0.902853 0.021288 0.044361
0.968624 1e-05 1e-05 0.031356
0.97807 1e-05 1e-05 0.02191
0.022621 0.951165 0.011951 0.014263
1e-05 0.96342 0.01909 0.01748
0.022765 0.962346 0.003176 0.011713
0.009049 0.978384 1e-05 0.012556
0.024232 0.975726 1e-05 3.3e-05
0.002137 0.996329 0.001525 1e-05
0.000983 0.973291 0.023934 0.001792
1e-05 0.969213 0.017364 0.013413
0.011782 0.891989 0.010479 0.08575
0.015911 0.893182 0.002995 0.087912
0.052947 0.876356 1e-05 0.070687
0.055717 0.848656 1e-05 0.095618
0.047223 0.865673 0.00402 0.083085
0.886628 1e-05 1e-05 0.113352
0.840516 0.037167 0.006656 0.115661
0.826053 0.043732 0.043446 0.086769
0.980437 1e-05 1e-05 0.019543
0.976891 1e-05 1e-05 0.023089
0.992773 1e-05 1e-05 0.007207
0.98779 1e-05 1e-05 0.01219
0.047511 0.051312 1e-05 0.901168
0.037208 0.044535 1e-05 0.918247
0.051246 0.479846 0.0053 0.463608
1e-05 0.008767 0.976457 0.014766
1e-05 0.022949 0.97176 0.005281
1e-05 0.002495 0.984304 0.013191
1e-05 0.716895 0.279368 0.003727
1e-05 0.750566 0.231529 0.017895
1e-05 0.848612 0.119032 0.032346
1e-05 0.781193 0.179943 0.038854
1e-05 0.772948 0.202981 0.024061
0.038349 0.957831 1e-05 0.00381
0.00554 0.970895 0.006931 0.016634
1e-05 0.973874 0.02343 0.002685
1e-05 0.966544 0.025698 0.007748
0.03018 0.956369 0.003921 0.009529
0.021085 0.936499 0.024436 0.01798
0.038524 0.961456 1e-05 1e-05
0.032292 0.83575 1e-05 0.131949
0.974414 1e-05 1e-05 0.025566
0.992639 1e-05 1e-05 0.007341
0.985406 1e-05 1e-05 0.014574
0.063492 0.873152 0.002391 0.060964
0.047005 0.868889 1e-05 0.084096
0.019985 0.961756 0.006013 0.012245
1e-05 0.981966 0.013352 0.004672
1e-05 0.994357 0.005623 1e-05
1e-05 0.980252 0.019728 1e-05
0.019692 0.953686 0.02224 0.004381
0.016542 0.957933 0.007333 0.018192
0.052453 0.94491 1e-05 0.002627
0.012861 0.882583 0.025758 0.078799
0.021751 0.872671 0.018369 0.087209
0.051033 0.852466 0.006718 0.089782
0.045986 0.840761 1e-05 0.113243
0.825565 0.10898 0.012417 0.053038
0.802824 0.07817 0.000625 0.11838
0.840147 0.097763 0.021472 0.040618
0.006858 0.015932 0.967168 0.010042
1e-05 1e-05 0.99917 0.00081
1e-05 0.744026 0.238895 0.017068
1e-05 0.750612 0.243929 0.005449
1e-05 0.884478 0.115502 1e-05
1e-05 0.86825 0.098147 0.033592
1e-05 0.01437 0.969729 0.015891
1e-05 0.002383 0.992278 0.005329
0.001968 0.725006 0.257705 0.01532
1e-05 0.817289 0.14291 0.039791
0.020866 0.006174 0.0048 0.96816
1e-05 1e-05 1e-05 0.99997
0.017485 0.015017 0.001385 0.966113
0.088174 0.105142 0.000335 0.806349
0.093694 0.167004 1e-05 0.739292
0.033984 1e-05 1e-05 0.965996
0.013493 1e-05 1e-05 0.986487
0.992241 1e-05 1e-05 0.007739
0.016458 0.864718 0.01904 0.099784
0.060551 0.865171 1e-05 0.074268
0.071029 0.830631 1e-05 0.098331
0.848492 0.059145 1e-05 0.092353
0.017548 0.885025 0.024603 0.072824
0.054804 0.879358 0.008375 0.057463
0.04926 0.846394 0.017421 0.086926
0.874936 0.052108 1e-05 0.072946
0.787594 0.118715 0.043379 0.050312
0.976742 1e-05 1e-05 0.023238
0.978852 1e-05 1e-05 0.021128
0.990508 1e-05 1e-05 0.009472
0.984666 1e-05 1e-05 0.015314
0.972923 1e-05 1e-05 0.027057
1e-05 0.092277 0.02832 0.879392
1e-05 0.252157 0.147754 0.600079
0.008222 0.972937 0.000321 0.01852
0.003667 0.988481 0.007842 1e-05
0.011488 0.983565 1e-05 0.004937
0.014999 0.880209 0.031213 0.073579
0.051409 0.865382 1e-05 0.083199
0.035965 0.873275 1e-05 0.09075
0.876546 1e-05 1e-05 0.123434
0.862647 1e-05 0.003849 0.133494
0.923378 0.014457 0.001417 0.060748
0.762492 0.156543 0.024043 0.056921
0.816331 0.086581 0.055897 0.041192
0.979312 1e-05 1e-05 0.020668
0.97845 1e-05 1e-05 0.02153
0.023239 0.655505 0.028143 0.293113
0.027959 0.972021 1e-05 1e-05
0.021932 0.978048 1e-05 1e-05
1e-05 0.980298 0.019682 1e-05
0.001459 0.988653 0.009878 1e-05
0.000407 0.972679 0.012383 0.014531
0.026514 0.962106 1e-05 0.01137
0.030112 0.960182 0.00511 0.004595
0.02516 0.852162 0.029521 0.093157
0.056649 0.856517 1e-05 0.086824
0.046632 0.846366 1e-05 0.106992
0.898065 0.059091 1e-05 0.042834
0.863077 0.05687 0.008379 0.071674
0.968729 1e-05 1e-05 0.031251
0.019789 0.888692 0.00492 0.086599
0.058173 0.868618 1e-05 0.073199
0.052846 0.866053 1e-05 0.08109
0.881309 1e-05 1e-05 0.118671
0.843301 0.050634 0.00515 0.100916
0.880345 0.036345 0.011849 0.071461
0.666214 0.250762 0.03089 0.052134
0.017847 0.887302 0.01911 0.075741
0.059367 0.847461 1e-05 0.093161
0.04747 0.836243 0.007535 0.108752
0.853922 0.053578 1e-05 0.09249
0.925971 0.003138 1e-05 0.070881
0.017702 0.886061 0.020903 0.075334
0.045476 0.892911 1e-05 0.061603
0.033021 0.894038 1e-05 0.072931
0.888247 1e-05 1e-05 0.111733
0.888923 1e-05 1e-05 0.111057
0.621139 0.281814 0.03488 0.062166
0.876313 0.04508 0.01545 0.063157
0.967671 1e-05 1e-05 0.032309
0.052999 0.858408 1e-05 0.088583
0.88306 0.008173 1e-05 0.108758
0.764568 0.160053 0.034209 0.04117
0.041131 0.825215 0.028809 0.104844
0.053317 0.881639 1e-05 0.065033
0.016938 0.96637 0.007503 0.009189
1e-05 1e-05 1e-05 0.99997
0.029673 0.948801 0.00475 0.016777
0.009501 0.058464 0.008316 0.923718
0.010417 0.963652 0.018022 0.007909
0.012566 1e-05 0.00238 0.985045
0.100316 0.107297 1e-05 0.792377
0.016218 0.979049 0.004724 1e-05
1e-05 0.985216 1e-05 0.014764
0.007041 1e-05 1e-05 0.992939
0.021385 0.055891 1e-05 0.922714
0.034099 0.955905 0.003194 0.006802
0.020403 0.00089 0.008317 0.97039
0.006558 1e-05 0.006199 0.987234
0.003905 0.975652 0.011526 0.008917
1e-05 0.256336 0.154483 0.589171
1.1e-05 0.977571 0.022408 1e-05
0.010076 0.989904 1e-05 1e-05
1e-05 0.969198 0.025804 0.004989
0.005268 1e-05 1e-05 0.994712
0.834347 0.099365 0.001325 0.064962
0.922719 1e-05 1e-05 0.077261
0.437558 0.441866 0.000601 0.119975
0.846456 0.063601 0.011663 0.07828
0.828387 0.098961 0.009945 0.062707
0.970806 1e-05 1e-05 0.029174
0.786298 0.136342 0.00715 0.07021
0.929105 0.006559 1e-05 0.064326
0.919456 0.009874 1e-05 0.07066
0.918641 0.003017 1e-05 0.078332
0.91957 1e-05 0.007524 0.072897
0.831646 0.085816 0.017491 0.065047
0.473174 0.371422 0.008523 0.146881
0.833577 0.085347 0.005879 0.075197
0.9004 0.01379 0.021386 0.064425
0.918841 1e-05 1e-05 0.081139
0.659002 0.297432 0.009565 0.034001
0.921652 0.020581 1e-05 0.057757
0.865384 0.070215 0.0047 0.059701
0.797991 0.143609 0.012457 0.045943
0.489832 0.27908 1e-05 0.231078
0.955946 0.026131 0.006599 0.011324
0.504547 0.437174 0.020739 0.03754
0.931427 0.002912 1e-05 0.065651
0.947953 0.035446 1e-05 0.016591
0.836986 0.15931 0.003694 1e-05
0.906562 0.080155 0.006595 0.006688
0.876928 0.059311 0.006552 0.057209
0.608618 0.311743 0.055792 0.023847
0.99997 1e-05 1e-05 1e-05
0.595811 0.387855 1e-05 0.016324
0.985436 1e-05 1e-05 0.014544
0.828127 0.121608 0.01239 0.037874
0.483947 0.366463 1e-05 0.14958
0.937106 1e-05 1e-05 0.062874
0.924915 0.002542 0.001656 0.070887
0.90811 0.022799 0.027494 0.041597
0.893399 0.012451 0.022147 0.072003
0.847704 0.106802 0.005406 0.040088
0.821419 0.125874 0.024699 0.028008
0.917144 0.0692 1e-05 0.013646
0.967339 1e-05 1e-05 0.032641
0.98921 0.006404 1e-05 0.004376
0.653379 0.249867 0.048535 0.048218
0.665607 0.274805 0.034889 0.024699
0.925649 1e-05 1e-05 0.074331
0.982384 1e-05 0.002952 0.014654
0.970278 0.020384 0.001625 0.007714
0.946649 1e-05 1e-05 0.053331
0.956809 0.001437 0.004252 0.037502
0.879318 0.031348 1e-05 0.089324
0.554195 0.407717 0.015301 0.022786
0.933718 0.01189 1e-05 0.054382
0.791704 0.124807 1e-05 0.083479
0.968262 1e-05 1e-05 0.031718
0.860765 0.060526 1e-05 0.078698
0.932796 1e-05 0.002051 0.065143
0.953037 0.035277 0.011677 1e-05
0.88367 0.037595 1e-05 0.078726
0.69063 0.25636 0.015975 0.037035
0.958992 0.02174 0.019258 1e-05
0.840227 0.08277 1e-05 0.076992
0.661145 0.296981 0.012826 0.029047
0.941927 1e-05 1e-05 0.058053
0.907457 0.005789 1e-05 0.086744
0.813518 0.155435 0.006613 0.024433
0.925359 1e-05 0.000331 0.0743
0.844692 0.082913 1e-05 0.072385
0.880805 0.054329 1e-05 0.064856
0.691814 0.182395 0.061005 0.064786
0.902267 0.064969 0.010358 0.022406
0.932449 1e-05 0.003813 0.063729
0.958985 0.035964 0.005041 1e-05
0.982316 0.005553 0.00706 0.005072
0.964143 1e-05 1e-05 0.035837
0.963041 1e-05 1e-05 0.036939
0.653135 0.007926 0.015006 0.323932
0.512603 0.243153 0.001461 0.242784
0.897331 0.012612 0.011115 0.078942
0.975625 1e-05 1e-05 0.024355
0.965017 1e-05 1e-05 0.034963
0.919583 0.043176 0.006081 0.03116
0.486186 0.471071 0.007755 0.034988
0.988075 1e-05 1e-05 0.011905
0.787025 0.103389 0.043531 0.066055
0.883176 0.066439 0.009806 0.040579
0.993384 1e-05 0.002457 0.004149
0.93383 0.011255 0.007457 0.047458
0.84249 0.104387 0.019859 0.033264
0.790907 0.138846 0.019919 0.050327
0.914142 0.025542 0.007038 0.053279
0.583249 0.374207 0.005972 0.036572
0.928282 1e-05 1e-05 0.071698
0.648011 0.138765 0.168232 0.044992
0.939307 0.025964 1e-05 0.03472
0.968728 1e-05 1e-05 0.031252
0.978734 0.021246 1e-05 1e-05
0.911354 0.054486 0.003545 0.030614
0.957399 0.02907 1e-05 0.013521
0.985519 0.002872 1e-05 0.011599
0.978101 0.019383 1e-05 0.002506
0.680839 0.264874 0.050333 0.003954
0.925008 0.061155 0.000697 0.013141
0.977256 0.001873 0.007684 0.013187
0.939952 0.016138 0.003368 0.040542
0.974224 0.015197 0.01057 1e-05
0.987045 1e-05 1e-05 0.012935
0.989676 0.010304 1e-05 1e-05
0.618108 0.218276 1e-05 0.163606
0.970464 1e-05 1e-05 0.029516
0.96219 1e-05 1e-05 0.03779
0.972249 1e-05 1e-05 0.027731
0.804514 0.119226 0.004997 0.071264
0.975083 1e-05 1e-05 0.024897
0.956426 1e-05 1e-05 0.043554
0.760125 0.200025 0.029479 0.010371
0.974253 1e-05 1e-05 0.025727
0.960294 0.034471 0.005224 1e-05
0.783605 0.183245 1e-05 0.033141
0.921663 1e-05 0.040713 0.037614
0.98156 0.006292 0.008026 0.004122
0.98254 1e-05 0.006802 0.010648
0.984863 0.00606 0.001335 0.007742
0.99997 1e-05 1e-05 1e-05
0.87755 0.012725 0.065154 0.04457
0.926252 0.043668 0.00101 0.02907
0.531032 0.427299 0.005038 0.03663
0.505391 0.471646 0.013054 0.009909
0.974823 0.00658 1e-05 0.018587
0.963521 1e-05 1e-05 0.036459
0.970167 1e-05 1e-05 0.029813
0.536842 0.440745 0.008276 0.014137
0.944939 0.041276 0.013034 0.000751
0.540936 0.321219 0.019914 0.117931
0.959547 0.022246 0.005179 0.013028
0.874518 0.056683 0.026736 0.042063
0.91431 1e-05 1e-05 0.08567
0.984613 0.003909 0.00018 0.011299
0.964595 1e-05 1e-05 0.035385
0.96035 1e-05 1e-05 0.03963
0.97203 0.008981 0.003078 0.015911
0.679282 0.243898 0.02192 0.0549
0.721607 0.234728 0.004252 0.039413
0.958357 1e-05 1e-05 0.041623
0.957685 0.000471 0.009479 0.032365
0.974266 1e-05 1e-05 0.025714
0.746924 0.152809 0.043196 0.057071
0.98472 1e-05 1e-05 0.01526
0.76002 0.102573 0.100525 0.036882
0.976901 1e-05 1e-05 0.023079
0.877014 0.031557 0.010642 0.080786
0.978152 1e-05 1e-05 0.021828
0.964937 1e-05 1e-05 0.035043
0.926836 1e-05 0.00295 0.070204
0.811537 0.109072 0.011951 0.06744
0.992532 1e-05 1e-05 0.007448
0.972365 1e-05 1e-05 0.027615
0.982481 1e-05 1e-05 0.017499
0.848045 0.092728 0.014427 0.0448
0.945385 1e-05 0.005947 0.048658
0.684667 0.184775 0.005049 0.12551
0.966296 1e-05 1e-05 0.033684
0.980697 1e-05 1e-05 0.019283
0.967051 1e-05 1e-05 0.032929
0.971204 1e-05 1e-05 0.028776
0.967895 0.019959 0.004106 0.00804
0.910761 0.025419 0.020401 0.04342
0.923673 0.037591 1e-05 0.038726
0.721871 0.164703 0.053647 0.059779
0.819711 0.129785 0.028653 0.02185
0.978107 1e-05 1e-05 0.021873
0.980513 1e-05 1e-05 0.019467
0.983716 0.010085 0.006189 1e-05
0.779484 0.183018 0.007677 0.029821
0.985033 1e-05 1e-05 0.014947
0.947287 1e-05 1e-05 0.052693
0.823252 0.10534 0.019502 0.051905
0.818783 0.096577 0.014426 0.070214
0.707883 0.256712 0.014189 0.021216
0.535262 0.33128 0.013285 0.120174
0.964667 1e-05 0.001368 0.033954
0.683242 0.207097 0.070801 0.03886
0.879017 0.050379 0.033386 0.037217
0.959451 1e-05 1e-05 0.040529
0.675545 0.212931 0.089099 0.022425
0.889883 0.042141 0.006323 0.061653
0.974615 1e-05 0.003923 0.021452
0.957307 1e-05 0.007101 0.035581
0.980481 1e-05 1e-05 0.019499
0.982879 1e-05 1e-05 0.017101
0.977385 1e-05 1e-05 0.022595
0.964279 1e-05 1e-05 0.035701
0.704121 0.112121 0.140637 0.043121
0.906133 0.031101 0.023154 0.039613
0.980601 1e-05 1e-05 0.019379
0.92069 1e-05 1e-05 0.07929
0.86231 0.075454 0.024896 0.037341
0.961356 1e-05 1e-05 0.038624
0.977513 1e-05 1e-05 0.022467
0.991695 1e-05 1e-05 0.008285
0.971725 1e-05 1e-05 0.028255
0.95364 1e-05 1e-05 0.04634
0.803663 0.129699 0.032214 0.034423
0.981533 1e-05 1e-05 0.018447
0.950735 1e-05 1e-05 0.049245
0.579855 0.218413 0.167003 0.034729
0.620907 0.193793 0.006808 0.178491
0.866448 0.007023 0.056553 0.069976
0.890321 0.007122 0.031654 0.070903
0.902369 0.007279 0.027931 0.062422
0.978573 1e-05 1e-05 0.021407
0.993512 0.00317 1e-05 0.003308
0.525377 0.224798 1e-05 0.249815
0.954638 0.036667 1e-05 0.008684
0.870459 0.042032 0.005591 0.081917
0.870224 0.055726 1e-05 0.074041
0.847178 0.137381 0.004326 0.011115
0.8932 0.027919 0.004657 0.074224
0.949143 1e-05 0.009629 0.041217
0.450855 0.412847 0.000286 0.136013
0.920606 0.013548 0.013637 0.052209
0.4835 0.301044 1e-05 0.215445
0.481275 0.350206 0.0028 0.165719
0.723671 0.224953 0.020219 0.031157
0.881649 0.040398 0.033202 0.044752
0.846112 0.05872 0.002675 0.092493
0.485268 0.365759 0.003099 0.145874
0.962685 1e-05 1e-05 0.037295
0.970517 1e-05 1e-05 0.029463
0.985185 1e-05 1e-05 0.014795
0.976215 1e-05 1e-05 0.023765
0.989226 1e-05 1e-05 0.010754
0.936786 0.004949 1e-05 0.058255
0.963078 1e-05 1e-05 0.036902
0.959959 1e-05 1e-05 0.040021
0.965084 1e-05 1e-05 0.034896
0.97348 1e-05 1e-05 0.0265
0.968616 1e-05 1e-05 0.031364
0.931236 0.01212 0.002482 0.054162
0.577555 0.222601 1e-05 0.199834
0.955513 1e-05 0.00203 0.042447
0.959584 1e-05 0.002575 0.037831
0.953797 0.011708 0.005661 0.028834
0.964601 1e-05 1e-05 0.035379
0.968452 1e-05 1e-05 0.031528
0.496739 0.356878 1e-05 0.146372
0.976164 1e-05 1e-05 0.023816
0.97511 1e-05 1e-05 0.02487
0.960109 1e-05 0.001775 0.038106
0.482356 0.377564 1e-05 0.14007
0.97072 1e-05 1e-05 0.02926
0.97557 1e-05 1e-05 0.02441
0.770785 0.114157 0.048651 0.066408
0.943995 0.013145 1e-05 0.04285
0.975321 1e-05 1e-05 0.024659
0.741981 0.157543 0.024782 0.075695
0.97386 1e-05 1e-05 0.02612
0.830512 0.126495 1e-05 0.042983
0.70552 0.188401 0.049952 0.056127
0.558107 0.244498 0.000577 0.196819
0.010865 0.230783 0.747499 0.010853
0.030171 0.9596 1e-05 0.010219
0.023896 0.961849 0.005861 0.008394
0.010372 0.98196 1e-05 0.007658
0.016595 0.952612 0.00708 0.023714
0.039788 0.95085 1e-05 0.009352
0.030705 0.963801 1e-05 0.005484
0.033269 0.966711 1e-05 1e-05
0.025703 0.970123 1e-05 0.004164
0.025719 0.969418 1e-05 0.004852
0.002419 0.959227 0.010023 0.028332
0.041149 0.945638 0.004999 0.008214
0.0424 0.943386 0.008254 0.00596
0.045879 0.954099 1e-05 1.2e-05
0.029537 0.961878 1e-05 0.008575
0.026655 0.948758 0.001748 0.022839
0.028625 0.964978 1e-05 0.006387
0.018667 0.96025 0.008707 0.012376
0.051777 0.948203 1e-05 1e-05
0.030726 0.950428 1e-05 0.018837
0.02802 0.967092 0.004878 1e-05
0.041849 0.937233 0.014955 0.005963
0.034071 0.964547 0.001371 1e-05
0.023604 0.947384 0.003133 0.025879
0.029808 0.949038 1e-05 0.021144
0.002839 0.006529 0.006626 0.984006
0.007992 0.006919 0.000823 0.984266
0.017692 0.014811 1e-05 0.967487
1e-05 1e-05 0.005168 0.994812
0.016178 0.017161 1e-05 0.966651
0.008071 1e-05 1e-05 0.991909
1e-05 0.004037 1e-05 0.995943
0.003059 0.011805 1e-05 0.985126
0.000772 1e-05 1e-05 0.999208
0.002167 1.6e-05 1e-05 0.997807
1e-05 1e-05 1e-05 0.99997
0.007663 1e-05 1e-05 0.992317
1e-05 1e-05 1e-05 0.99997
1e-05 1e-05 1e-05 0.99997
0.018418 1e-05 1e-05 0.981562
0.005237 1e-05 0.004593 0.99016
0.001996 1e-05 1e-05 0.997984
0.019857 0.011553 1e-05 0.96858
0.002048 1e-05 1e-05 0.997932
0.030394 1e-05 0.003767 0.965829
1e-05 1e-05 1e-05 0.99997
0.005698 1e-05 1e-05 0.994282
1e-05 1e-05 1e-05 0.99997
1e-05 1e-05 1e-05 0.99997
1e-05 1e-05 1e-05 0.99997
1e-05 1e-05 1e-05 0.99997
1e-05 1e-05 0.00165 0.99833
1e-05 1e-05 1e-05 0.99997
0.009995 1e-05 1e-05 0.989985
0.003656 1e-05 1e-05 0.996324
1e-05 1e-05 1e-05 0.99997
0.004671 1e-05 0.005782 0.989537
0.005101 0.008776 0.001028 0.985095
0.008214 1e-05 0.000497 0.991279
1e-05 1e-05 1e-05 0.99997
